-,-,-
-327, 182, 1010
-284, 176, 883
-302, 198, 880
-316, 189, 930
-325, 161, 981
-325, 161, 981
-321, 169, 988
-291, 211, 913
-283, 215, 881
-288, 206, 893
-285, 195, 882
-267, 202, 893
-267, 202, 893
-260, 199, 854
-252, 186, 834
-249, 169, 800
-241, 135, 793
-216, 112, 769
-151, 101, 742
-151, 101, 742
-98, 78, 769
-35, 62, 830
50, 82, 895
124, 95, 930
124, 95, 930
161, 121, 970
166, 130, 1042
141, 122, 1166
120, 164, 1276
120, 164, 1276
91, 194, 1407
4, 191, 1538
-77, 187, 1664
-164, 158, 1837
-269, 121, 1888
-269, 121, 1888
-357, 43, 1798
-430, -42, 1661
-497, -175, 1539
-556, -281, 1353
-578, -336, 1232
-560, -324, 1075
-526, -288, 860
-484, -227, 713
-454, -129, 492
-420, -45, 353
-393, 33, 248
-393, 33, 248
-358, 123, 190
-312, 204, 190
-256, 253, 258
-205, 335, 434
-185, 326, 548
-158, 322, 685
-,-,-
-287, 306, 790
-287, 306, 790
-295, 300, 837
-302, 280, 857
-290, 255, 881
-271, 249, 818
-247, 237, 729
-210, 227, 757
-210, 227, 757
-182, 203, 785
-150, 164, 726
-79, 141, 670
6, 85, 734
98, 84, 847
98, 84, 847
211, 166, 908
318, 236, 1010
424, 311, 1157
424, 311, 1157
433, 318, 1310
367, 335, 1439
273, 345, 1532
150, 306, 1573
-48, 191, 1556
-273, 42, 1552
-273, 42, 1552
-430, -35, 1540
-542, -100, 1405
-656, -174, 1315
-727, -216, 1224
-724, -206, 1153
-689, -167, 1023
-676, -135, 969
-655, -119, 925
-619, -78, 872
-545, 17, 772
-545, 17, 772
-485, 108, 691
-463, 135, 623
-438, 163, 570
-416, 205, 569
-,-,-
-478, 367, 804
-470, 329, 805
-483, 335, 822
-473, 350, 831
-462, 339, 788
-445, 340, 766
-445, 340, 766
-413, 342, 754
-394, 332, 742
-376, 313, 792
-340, 301, 773
-292, 264, 729
-256, 249, 729
-256, 249, 729
-196, 247, 762
-145, 227, 800
-81, 212, 878
-8, 238, 927
69, 249, 1046
69, 249, 1046
136, 262, 1105
167, 257, 1203
173, 280, 1256
163, 297, 1283
96, 249, 1305
96, 249, 1305
34, 226, 1362
-42, 188, 1379
-152, 132, 1460
-261, 68, 1466
-359, 36, 1424
-427, 23, 1358
-427, 23, 1358
-478, 25, 1217
-533, -12, 1160
-601, -84, 1129
-638, -112, 1112
-639, -117, 1033
-632, -94, 617
-660, -36, 644
-677, -45, 678
-677, -45, 678
-661, -7, 678
-608, 82, 698
-,-,-
-353, 263, 900
-335, 229, 1023
-326, 246, 914
-325, 272, 818
-308, 276, 860
-278, 253, 925
-226, 246, 927
-226, 246, 927
-189, 235, 859
-162, 201, 889
-133, 183, 894
-83, 209, 908
-44, 226, 864
-44, 226, 864
-40, 194, 867
-15, 186, 961
23, 195, 983
42, 187, 958
42, 187, 958
27, 169, 1005
38, 186, 1099
99, 273, 1189
99, 273, 1189
115, 287, 1210
91, 257, 1329
35, 198, 1488
-47, 159, 1602
-191, 107, 1639
-326, 62, 1606
-326, 62, 1606
-447, -23, 1528
-580, -98, 1408
-685, -198, 1183
-782, -321, 927
-870, -364, 743
-891, -327, 751
-878, -270, 699
-815, -200, 574
-,-,-
-328, 275, 916
-348, 277, 867
-305, 316, 858
-305, 316, 858
-280, 309, 859
-233, 285, 846
-175, 273, 873
-128, 268, 830
-83, 272, 838
-83, 272, 838
-53, 237, 917
-31, 203, 927
0, 203, 924
21, 214, 977
21, 214, 977
36, 216, 992
61, 216, 1038
108, 258, 1118
108, 258, 1118
126, 270, 1182
80, 243, 1249
51, 226, 1316
32, 242, 1385
-14, 235, 1402
-14, 235, 1402
-92, 201, 1407
-182, 141, 1404
-262, 91, 1377
-374, 9, 1401
-486, -70, 1335
-582, -107, 1199
-651, -102, 1084
-712, -140, 902
-773, -157, 704
-773, -157, 704
-,-,-
-179, 295, 982
-142, 224, 856
-160, 237, 890
-142, 246, 982
-118, 229, 1022
-118, 229, 1022
-79, 223, 1005
-52, 225, 950
-48, 219, 944
-37, 182, 903
-27, 171, 870
-27, 171, 870
6, 199, 864
46, 198, 866
102, 221, 940
102, 221, 940
164, 216, 959
195, 185, 995
214, 170, 1094
229, 152, 1156
235, 146, 1225
235, 146, 1225
240, 160, 1322
203, 128, 1364
130, 67, 1384
20, -1, 1454
-95, -53, 1454
-95, -53, 1454
-197, -74, 1469
-251, -84, 1407
-327, -110, 1362
-421, -146, 1349
-506, -221, 1312
-582, -251, 992
-665, -194, 1014
-704, -157, 1020
-701, -124, 949
-643, -40, 669
-668, 60, 440
-668, 60, 440
-677, 102, 525
-667, 144, 464
-652, 191, 458
-611, 238, 455
-546, 316, 316
-,-,-
-416, 296, 829
-414, 304, 815
-414, 304, 815
-407, 302, 819
-387, 320, 890
-371, 303, 883
-336, 308, 876
-306, 317, 867
-282, 324, 845
-282, 324, 845
-258, 326, 814
-246, 286, 835
-241, 240, 932
-223, 221, 961
-195, 220, 901
-172, 218, 892
-172, 218, 892
-158, 197, 911
-150, 165, 959
-107, 174, 1001
-58, 167, 995
-17, 163, 1004
5, 145, 1030
5, 145, 1030
53, 163, 1144
137, 205, 1314
169, 230, 1335
111, 194, 1375
111, 194, 1375
27, 121, 1449
-99, 16, 1491
-231, -62, 1502
-357, -127, 1441
-474, -177, 1441
-568, -280, 1474
-653, -341, 1255
-721, -301, 1063
-746, -219, 872
-772, -183, 680
-772, -183, 680
-766, -91, 484
-752, 32, 307
-716, 110, 221
-674, 205, 166
-649, 267, 145
-,-,-
-418, 315, 862
-383, 290, 859
-398, 292, 883
-391, 296, 880
-383, 296, 890
-375, 287, 861
-375, 287, 861
-358, 298, 826
-329, 303, 824
-305, 288, 842
-281, 262, 833
-255, 246, 808
-229, 228, 843
-229, 228, 843
-181, 221, 922
-117, 225, 973
-63, 237, 1047
-49, 231, 1094
-64, 216, 1105
-96, 201, 1141
-96, 201, 1141
-151, 185, 1178
-204, 189, 1214
-266, 166, 1184
-339, 141, 1203
-415, 119, 1246
-501, 77, 1266
-604, -10, 1292
-684, -67, 1260
-684, -67, 1260
-755, -106, 1142
-806, -138, 1046
-838, -146, 908
-838, -125, 780
-820, -66, 638
-793, -7, 537
-755, 60, 436
-,-,-
-388, 318, 843
-356, 325, 797
-366, 285, 827
-347, 256, 883
-319, 228, 903
-319, 228, 903
-274, 218, 890
-213, 224, 869
-168, 219, 909
-134, 217, 951
-116, 211, 966
-85, 221, 988
-85, 221, 988
-65, 222, 1036
-63, 224, 1071
-79, 208, 1113
-97, 188, 1122
-127, 166, 1159
-157, 151, 1211
-157, 151, 1211
-211, 130, 1245
-289, 104, 1274
-341, 91, 1304
-406, 82, 1263
-498, 48, 1245
-584, 4, 1279
-646, -29, 1233
-707, -54, 1096
-707, -54, 1096
-763, -70, 1034
-813, -106, 973
-844, -117, 844
-846, -76, 665
-831, -34, 574
-801, 15, 517
-755, 85, 439
-755, 85, 439
-717, 138, 345
-,-,-
-450, 328, 910
-406, 358, 871
-397, 342, 772
-383, 322, 814
-367, 277, 906
-330, 260, 883
-277, 277, 831
-277, 277, 831
-230, 286, 816
-192, 268, 818
-172, 208, 904
-152, 165, 978
-125, 154, 971
-114, 149, 989
-114, 149, 989
-115, 127, 1025
-126, 96, 1100
-124, 101, 1147
-134, 116, 1167
-150, 112, 1185
-197, 92, 1299
-262, 65, 1368
-262, 65, 1368
-321, 51, 1314
-383, 37, 1294
-456, 6, 1323
-525, -8, 1300
-590, -30, 1240
-638, -58, 1250
-638, -58, 1250
-697, -101, 1175
-759, -125, 1055
-791, -131, 871
-813, -106, 711
-816, -60, 627
-798, -3, 547
-775, 36, 458
-,-,-
-381, 342, 818
-308, 254, 946
-320, 247, 973
-295, 242, 923
-295, 242, 923
-269, 217, 878
-240, 206, 887
-195, 207, 921
-149, 212, 927
-109, 226, 884
-75, 229, 906
-75, 229, 906
-73, 183, 1016
-78, 160, 1037
-83, 147, 1021
-89, 132, 1098
-99, 122, 1184
-110, 114, 1197
-110, 114, 1197
-119, 124, 1237
-132, 148, 1239
-174, 141, 1263
-221, 128, 1315
-274, 124, 1317
-330, 134, 1296
-381, 129, 1290
-444, 94, 1280
-511, 67, 1288
-511, 67, 1288
-590, 20, 1179
-652, -2, 1095
-700, -23, 1020
-732, -33, 909
-756, -49, 789
-759, -41, 648
-759, -41, 648
-755, -6, 512
-741, 31, 469
-703, 90, 408
-657, 159, 360
-617, 203, 336
-,-,-
-277, 171, 903
-219, 115, 900
-231, 136, 1007
-205, 137, 938
-156, 126, 987
-156, 126, 987
-93, 151, 1036
-4, 233, 1019
54, 256, 1043
58, 230, 1142
60, 233, 1123
60, 233, 1123
29, 198, 1110
-56, 191, 1193
-139, 165, 1220
-225, 92, 1386
-323, 27, 1495
-323, 27, 1495
-427, -25, 1534
-494, -84, 1491
-581, -167, 1468
-672, -299, 1394
-765, -436, 1254
-816, -468, 1072
-818, -451, 766
-821, -380, 434
-806, -290, 367
-774, -218, 267
-735, -126, 189
-,-,-
-344, 153, 795
-335, 124, 901
-299, 142, 869
-263, 115, 844
-238, 101, 920
-182, 79, 914
-182, 79, 914
-123, 65, 870
-55, 112, 906
25, 155, 961
111, 174, 1080
194, 228, 1172
194, 228, 1172
239, 263, 1234
213, 155, 1270
124, 39, 1307
19, 15, 1332
19, 15, 1332
-98, 10, 1353
-213, -10, 1425
-334, -59, 1403
-440, -118, 1459
-529, -199, 1501
-607, -267, 1476
-651, -350, 1342
-724, -423, 1193
-755, -448, 1048
-754, -418, 817
-731, -351, 567
-,-,-
-142, 217, 1001
-133, 193, 1240
-133, 193, 1240
-96, 189, 1163
-48, 154, 1108
-9, 128, 1127
12, 128, 1083
30, 131, 986
30, 131, 986
77, 149, 1099
90, 122, 1058
73, 98, 1039
37, 78, 1086
37, 78, 1086
15, 90, 1171
-4, 114, 1227
-54, 116, 1282
-54, 116, 1282
-133, 32, 1359
-208, -57, 1541
-275, -88, 1602
-343, -153, 1512
-424, -227, 1507
-480, -324, 1301
-561, -355, 1063
-631, -416, 1025
-656, -448, 958
-627, -362, 661
-612, -244, 437
-619, -129, 330
-619, -129, 330
-628, -36, 245
-,-,-
-230, 344, 830
-170, 306, 870
-183, 169, 829
-194, 101, 936
-157, 91, 982
-157, 91, 982
-122, 77, 907
-78, 66, 882
-36, 9, 902
-36, 9, 902
0, -18, 1144
77, 68, 1206
142, 175, 1133
151, 173, 1182
151, 173, 1182
142, 133, 1231
139, 125, 1307
129, 129, 1309
92, 134, 1286
14, 116, 1301
14, 116, 1301
-74, 76, 1393
-150, 50, 1449
-238, -5, 1384
-365, -137, 1441
-428, -212, 1572
-469, -289, 1549
-500, -361, 1366
-534, -418, 1251
-570, -471, 1253
-565, -462, 1072
-526, -375, 621
-526, -375, 621
-574, -194, 284
-582, -90, 284
-555, 11, 235
-523, 133, 200
-,-,-
-145, 220, 870
-165, 127, 948
-165, 127, 948
-137, 61, 1077
-115, 31, 1034
-77, 52, 935
-26, 49, 968
-26, 49, 968
26, 73, 1057
86, 128, 1143
125, 172, 1194
162, 195, 1267
169, 210, 1298
169, 210, 1298
114, 206, 1306
45, 180, 1287
-9, 154, 1319
-70, 169, 1326
-154, 143, 1295
-154, 143, 1295
-252, 68, 1258
-334, 0, 1343
-411, -76, 1320
-462, -96, 1326
-489, -146, 1259
-515, -221, 1176
-546, -267, 1121
-586, -310, 976
-603, -319, 830
-608, -302, 725
-608, -302, 725
-,-,-
-198, 271, 878
-152, 227, 815
-118, 194, 908
-88, 230, 1064
-37, 191, 1138
2, 155, 1124
2, 155, 1124
24, 120, 1078
36, 125, 1056
78, 151, 1102
89, 168, 1141
89, 168, 1141
72, 130, 1120
22, 79, 1133
-7, 54, 1169
-42, 77, 1197
-42, 77, 1197
-65, 128, 1229
-88, 160, 1150
-112, 176, 1189
-149, 165, 1285
-170, 152, 1352
-171, 135, 1406
-171, 135, 1406
-212, 73, 1461
-326, -49, 1473
-440, -201, 1459
-500, -283, 1417
-545, -347, 1241
-606, -338, 1038
-634, -296, 939
-623, -249, 779
-,-,-
-167, 207, 881
-165, 234, 899
-103, 206, 942
-103, 206, 942
-99, 168, 1004
-95, 115, 1049
-85, 64, 1050
-42, 70, 1066
5, 111, 1144
5, 111, 1144
23, 107, 1138
59, 102, 1160
135, 148, 1299
182, 220, 1358
182, 220, 1358
165, 245, 1294
114, 218, 1159
24, 171, 1112
-107, 99, 1128
-201, 45, 1195
-201, 45, 1195
-276, 10, 1312
-363, -23, 1416
-427, -78, 1546
-483, -176, 1589
-559, -283, 1431
-634, -408, 1361
-690, -536, 1283
-693, -573, 1144
-651, -472, 923
-599, -339, 628
-,-,-
-533, 243, 787
-515, 244, 801
-497, 226, 805
-473, 247, 760
-445, 255, 770
-406, 233, 817
-363, 203, 771
-363, 203, 771
-327, 171, 733
-300, 138, 743
-269, 154, 745
-221, 160, 848
-180, 174, 896
-141, 185, 938
-141, 185, 938
-113, 180, 1045
-75, 205, 1173
-28, 237, 1243
-1, 258, 1299
-8, 251, 1374
-8, 251, 1374
-58, 203, 1383
-122, 178, 1384
-206, 135, 1461
-305, 86, 1463
-407, 28, 1356
-509, -49, 1309
-620, -145, 1234
-688, -173, 1182
-688, -173, 1182
-739, -217, 1090
-773, -243, 924
-789, -260, 870
-780, -260, 761
-752, -229, 584
-702, -155, 409
-661, -88, 289
-625, 11, 236
-,-,-
-347, 192, 852
-347, 192, 852
-321, 195, 945
-292, 175, 1017
-272, 152, 984
-247, 149, 927
-200, 167, 914
-144, 189, 867
-144, 189, 867
-112, 141, 898
-97, 89, 979
-84, 80, 1084
-72, 81, 1076
-72, 81, 1124
-66, 93, 1124
-101, 86, 1226
-161, 71, 1277
-211, 88, 1257
-217, 133, 1322
-222, 159, 1382
-222, 159, 1382
-252, 160, 1447
-315, 96, 1488
-367, 73, 1455
-416, 73, 1391
-439, 52, 1373
-499, -76, 1241
-589, -256, 1053
-706, -379, 910
-776, -475, 859
-776, -475, 859
-786, -475, 655
-,-,-
-397, 271, 774
-393, 181, 920
-376, 177, 857
-372, 180, 712
-372, 180, 712
-329, 182, 797
-274, 131, 874
-209, 107, 812
-140, 113, 828
-79, 129, 902
-79, 129, 902
-35, 126, 1017
-21, 129, 1104
-17, 104, 1134
-26, 101, 1183
-32, 122, 1276
-58, 124, 1307
-58, 124, 1307
-104, 96, 1275
-140, 78, 1331
-185, 73, 1380
-197, 130, 1396
-229, 117, 1238
-252, 139, 1237
-290, 159, 1183
-290, 159, 1183
-325, 173, 1088
-380, 105, 1210
-424, 18, 1372
-449, -17, 1381
-509, -60, 1298
-580, -126, 1266
-629, -205, 1151
-666, -245, 871
-702, -264, 719
-706, -236, 600
-,-,-
-434, 232, 798
-440, 217, 794
-432, 200, 884
-389, 154, 897
-359, 163, 763
-332, 163, 711
-299, 144, 681
-299, 144, 681
-201, 144, 640
-87, 151, 591
-12, 113, 736
126, 135, 914
228, 101, 1004
228, 101, 1004
298, 65, 1104
363, 11, 1270
390, -18, 1517
401, -23, 1593
329, -112, 1479
329, -112, 1479
171, -167, 1474
136, -61, 1576
-25, -131, 1679
-231, -381, 1698
-437, -579, 1576
-638, -658, 1372
-724, -633, 1291
-792, -774, 1082
-890, -926, 1001
-917, -885, 942
-,-,-
-252, 293, 787
-164, 201, 842
-90, 222, 830
-90, 222, 830
-33, 196, 954
27, 142, 977
96, 158, 997
143, 135, 1066
143, 135, 1066
144, 70, 1104
138, 51, 1044
195, 100, 1134
224, 117, 1167
202, 98, 1171
202, 98, 1171
148, 49, 1280
155, 50, 1516
176, 111, 1713
114, 150, 1838
13, 111, 1806
13, 111, 1806
-132, 14, 1765
-307, -117, 1666
-484, -257, 1555
-605, -448, 1433
-712, -657, 1257
-841, -855, 1089
-903, -905, 792
-,-,-
16, 641, 642
-8, 470, 839
10, 336, 1057
40, 313, 982
40, 313, 982
70, 304, 907
100, 253, 916
155, 238, 890
155, 238, 890
225, 154, 1076
289, 151, 1196
278, 60, 1318
259, 1, 1489
259, 1, 1489
273, 42, 1427
220, 55, 1432
136, 56, 1433
31, -13, 1522
31, -13, 1522
-71, -51, 1594
-200, -65, 1522
-349, -141, 1530
-482, -302, 1465
-629, -507, 1449
-728, -681, 1399
-756, -731, 1153
-771, -721, 967
-,-,-
-97, 224, 896
-43, 229, 858
74, 243, 944
189, 235, 1040
189, 235, 1040
289, 131, 1185
402, 113, 1249
501, 193, 1080
559, 174, 1092
569, 57, 1372
564, -26, 1376
564, -26, 1376
523, -72, 1282
372, -97, 1190
167, -130, 1263
-60, -182, 1482
-225, -256, 1698
-241, -306, 1795
-209, -380, 1496
-286, -538, 1259
-431, -803, 1302
-567, -1092, 1394
-546, -1196, 1136
-536, -1031, 494
-724, -758, 94
-724, -758, 94
-822, -544, 142
-,-,-
-285, 448, 606
-217, 204, 618
-131, 265, 700
-45, 263, 896
-45, 263, 896
46, 225, 919
163, 154, 930
251, 86, 1094
307, 56, 1253
307, 56, 1253
368, 85, 1271
375, 76, 1345
345, 43, 1342
262, -2, 1324
262, -2, 1324
142, -52, 1315
8, -82, 1297
-123, -51, 1309
-235, -36, 1381
-304, -51, 1531
-359, -84, 1515
-410, -112, 1437
-410, -112, 1437
-469, -137, 1424
-511, -116, 1309
-547, -208, 1282
-572, -495, 1392
-569, -758, 1216
-640, -797, 962
-662, -775, 879
-642, -674, 707
-,-,-
-6, 468, 713
-6, 468, 713
34, 318, 937
105, 249, 898
160, 202, 942
160, 202, 942
182, 108, 1003
239, 35, 1064
320, 2, 1208
328, 5, 1348
328, 5, 1348
344, 10, 1349
368, 23, 1231
316, -17, 1367
233, -88, 1507
233, -88, 1507
138, -129, 1574
39, -119, 1552
-101, -104, 1534
-227, -202, 1750
-293, -343, 1746
-386, -423, 1542
-466, -564, 1438
-518, -664, 1316
-507, -665, 1138
-500, -530, 746
-521, -347, 359
-561, -253, 91
-,-,-
-92, 292, 950
-62, 319, 1231
47, 334, 1163
66, 333, 897
146, 305, 984
146, 305, 984
229, 241, 978
285, 149, 1076
319, 93, 1269
367, 70, 1243
389, 59, 1187
389, 59, 1187
444, 22, 1214
375, -65, 1292
209, -133, 1540
41, -107, 1535
-20, -133, 1609
-20, -133, 1609
2, -178, 1441
-25, -215, 1441
-32, -202, 1509
-106, -195, 1542
-170, -349, 1471
-248, -571, 1267
-422, -809, 1452
-434, -922, 1357
-403, -943, 704
-,-,-
-293, 245, 701
-249, 217, 944
-207, 267, 799
-201, 292, 653
-136, 260, 911
-79, 186, 1049
-79, 186, 1049
6, 263, 867
81, 249, 849
102, 183, 1103
148, 171, 1079
148, 171, 1079
176, 155, 1125
176, 133, 1140
164, 121, 1173
178, 98, 1266
177, 82, 1454
177, 82, 1454
116, 77, 1573
37, 52, 1856
4, 2, 1815
4, 2, 1815
-92, -48, 1619
-242, -257, 1838
-304, -504, 1939
-291, -734, 1594
-381, -760, 956
-583, -686, 686
-694, -578, 484
-738, -455, 298
-738, -455, 298
-,-,-
-264, 223, 808
-264, 223, 808
-226, 174, 846
-208, 165, 953
-147, 146, 1032
-112, 96, 945
-55, 97, 874
-55, 97, 874
20, 92, 843
64, 22, 1160
124, -14, 1218
124, -14, 1218
164, 36, 1164
201, 47, 1142
234, 29, 1122
244, -34, 1368
262, -49, 1493
262, -49, 1493
271, 28, 1300
238, 65, 1330
161, 24, 1495
91, 44, 1557
91, 44, 1557
-16, -10, 1543
-145, -133, 1490
-291, -303, 1631
-307, -451, 1507
-410, -531, 1340
-510, -728, 1367
-481, -808, 998
-588, -646, 551
-643, -481, 307
-715, -287, 82
-715, -287, 82
-723, -183, 72
-663, -38, 79
-,-,-
-315, 290, 645
-315, 290, 645
-271, 186, 857
-251, 123, 826
-253, 108, 668
-211, 70, 705
-125, 54, 783
-125, 54, 783
-27, 96, 748
45, 51, 833
112, 67, 998
112, 67, 998
180, 106, 1127
244, 170, 1318
262, 219, 1507
240, 215, 1513
167, 168, 1461
167, 168, 1461
89, 152, 1438
26, 136, 1569
-60, 130, 1641
-202, -16, 1688
-333, -183, 1693
-456, -262, 1583
-539, -309, 1483
-578, -440, 1297
-578, -440, 1297
-607, -561, 1044
-665, -577, 799
-718, -534, 629
-,-,-
-353, 380, 493
-314, 370, 528
-237, 330, 767
-237, 330, 767
-157, 282, 856
-102, 205, 764
-56, 150, 770
-1, 26, 846
24, -149, 1019
24, -149, 1019
88, -160, 1174
138, -117, 1287
188, -46, 1356
242, 64, 1410
243, 82, 1549
184, 61, 1618
184, 61, 1618
124, 66, 1563
88, 78, 1458
13, 81, 1474
13, 81, 1474
-109, 62, 1510
-232, -1, 1509
-332, -103, 1471
-462, -242, 1396
-555, -442, 1405
-603, -626, 1280
-631, -716, 1015
-689, -760, 755
-734, -717, 471
-,-,-
-141, 450, 843
-141, 450, 843
-118, 437, 863
-134, 340, 789
-167, 187, 749
-187, 28, 733
-139, -38, 693
-139, -38, 693
-25, 8, 780
61, 18, 973
134, 64, 1120
181, 118, 1221
181, 118, 1221
188, 152, 1275
223, 212, 1397
237, 220, 1541
170, 190, 1633
71, 156, 1670
71, 156, 1670
-27, 130, 1648
-142, 85, 1584
-259, -2, 1578
-400, -211, 1615
-484, -375, 1547
-564, -519, 1320
-641, -635, 1124
-690, -706, 995
-703, -699, 835
-702, -581, 576
-702, -581, 576
-714, -419, 250
-710, -249, 101
-,-,-
-102, 334, 768
-76, 219, 723
-37, 99, 798
-13, -20, 1025
30, -44, 1110
30, -44, 1110
68, -59, 1087
114, -26, 1109
120, -24, 1236
113, 20, 1349
112, 68, 1392
112, 68, 1392
101, 115, 1361
67, 131, 1385
20, 142, 1418
-20, 179, 1339
-20, 179, 1339
-88, 227, 1302
-223, 240, 1332
-363, 196, 1423
-383, 131, 1478
-338, 22, 1516
-378, -151, 1434
-464, -406, 1433
-529, -575, 1374
-561, -678, 1237
-620, -716, 1063
-,-,-
-398, 439, 737
-364, 374, 699
-319, 365, 776
-266, 350, 807
-255, 261, 782
-206, 206, 747
-136, 181, 812
-136, 181, 812
-93, 83, 956
-32, 60, 1086
8, 54, 1099
8, 54, 1099
8, 31, 1177
26, 60, 1215
42, 46, 1245
42, 46, 1245
1, -18, 1355
-4, 4, 1367
-12, 12, 1358
-12, 12, 1358
-8, 43, 1445
-16, 76, 1619
-58, 64, 1658
-104, -40, 1542
-104, -40, 1542
-234, -229, 1550
-352, -467, 1641
-408, -647, 1660
-436, -730, 1307
-529, -704, 786
-,-,-
-268, 284, 360
-268, 284, 360
-221, 178, 546
-9, 184, 414
88, 172, 537
130, 127, 584
130, 127, 584
152, 48, 516
185, -13, 695
293, 72, 872
293, 72, 872
358, 138, 1090
383, 176, 1337
503, 309, 1632
433, 354, 1892
209, 295, 1998
14, 208, 1998
14, 208, 1998
-207, 85, 1998
-444, 13, 1998
-639, -159, 1998
-899, -403, 1930
-1018, -501, 1654
-997, -562, 1174
-1033, -615, 731
-,-,-
113, 427, 647
63, 249, 641
63, 249, 625
128, 137, 625
125, -21, 728
79, -194, 897
156, -225, 1016
259, -184, 1154
259, -184, 1154
291, -198, 1464
310, -89, 1835
360, 112, 1879
315, 238, 1885
250, 232, 1863
229, 222, 1814
157, 219, 1770
157, 219, 1770
6, 163, 1603
-223, 53, 1547
-380, 0, 1487
-477, -92, 1472
-582, -334, 1380
-719, -610, 1210
-860, -798, 1074
-912, -817, 835
-912, -817, 835
-,-,-
-69, 207, 995
-83, 121, 909
-117, -20, 828
-117, -20, 828
-90, -70, 864
56, -38, 1077
129, -39, 1120
202, -20, 1220
237, 18, 1397
237, 18, 1397
232, 44, 1486
249, 90, 1391
254, 124, 1291
279, 178, 1279
292, 245, 1344
292, 245, 1344
244, 316, 1466
229, 370, 1387
79, 305, 1618
-60, 158, 1810
-38, 20, 1836
-38, 20, 1836
-104, -255, 1897
-289, -718, 1998
-344, -1081, 1892
-422, -1290, 1370
-,-,-
-205, 494, 167
-122, 495, 216
-74, 371, 398
-53, 240, 526
2, 133, 560
2, 133, 560
60, -6, 594
87, -114, 679
178, -91, 846
178, -91, 846
261, -19, 910
340, 79, 1109
316, 171, 1436
301, 365, 1771
258, 465, 1982
258, 465, 1982
45, 406, 1998
-187, 332, 1998
-311, 214, 1998
-384, 106, 1998
-511, -70, 1996
-625, -332, 1772
-720, -552, 1327
-806, -685, 898
-849, -680, 535
-849, -680, 535
-876, -612, 219
-,-,-
8, 425, 247
20, 241, 581
96, 150, 886
96, 150, 886
163, 69, 930
113, -53, 907
64, -170, 950
176, -170, 1179
176, -138, 1179
287, -63, 1546
332, 103, 1793
376, 268, 1909
402, 405, 1894
362, 502, 1800
294, 532, 1693
294, 532, 1693
247, 535, 1594
139, 473, 1512
-66, 365, 1471
-237, 261, 1506
-312, 176, 1442
-453, -70, 1412
-595, -378, 1225
-764, -570, 1004
-881, -649, 873
-881, -649, 873
-922, -604, 511
-922, -485, 199
-,-,-
-10, 196, 546
-58, -24, 764
-58, -24, 764
4, -100, 891
39, -159, 1151
76, -180, 1148
98, -165, 1078
98, -165, 1078
211, -38, 1175
209, 59, 1380
156, 215, 1509
128, 414, 1545
141, 574, 1546
90, 633, 1628
90, 633, 1628
-37, 629, 1650
-123, 594, 1772
-98, 674, 1948
13, 763, 1998
-12, 597, 1961
-12, 597, 1961
-151, 219, 1785
-270, -165, 1510
-413, -489, 1205
-542, -741, 952
-607, -775, 677
-679, -719, 402
-699, -584, 71
-,-,-
-21, 310, 747
-62, 45, 1229
-75, -20, 1177
17, -1, 1092
17, -1, 1092
135, 42, 1272
176, 32, 1320
184, 17, 1359
184, 17, 1359
137, 74, 1379
119, 225, 1470
147, 368, 1478
96, 454, 1510
-6, 514, 1539
-6, 514, 1539
-32, 572, 1571
-81, 548, 1637
-261, 368, 1736
-351, 178, 1705
-368, 30, 1552
-486, -208, 1440
-604, -208, 1342
-604, -479, 1342
-656, -666, 1019
-725, -680, 740
-753, -602, 489
-727, -445, 278
-668, -290, 48
-613, -114, -178
-,-,-
-153, 121, 810
-153, 121, 810
-90, 102, 1046
-27, 132, 866
-12, 109, 815
73, 113, 897
73, 113, 897
166, 155, 944
169, 182, 1070
175, 231, 1141
142, 238, 1334
101, 339, 1482
101, 339, 1482
-9, 455, 1611
-149, 506, 1790
-155, 545, 1845
-173, 512, 1934
-258, 449, 1881
-362, 347, 1807
-450, 183, 1665
-486, -10, 1416
-486, -10, 1416
-557, -315, 1077
-714, -606, 888
-810, -748, 766
-,-,-
-110, 309, 493
-85, 231, 571
-85, 231, 571
-32, 133, 353
-46, -8, 473
16, -75, 580
88, -75, 660
88, -75, 660
166, -27, 791
224, 57, 1096
339, 263, 1408
420, 457, 1620
420, 457, 1620
326, 557, 1758
174, 570, 1775
2, 520, 1752
-93, 556, 1708
-215, 550, 1748
-215, 550, 1748
-388, 412, 1880
-543, 214, 1907
-594, 105, 1823
-612, -58, 1662
-644, -342, 1389
-683, -569, 1023
-780, -698, 705
-,-,-
-53, 368, 473
-63, 183, 498
-63, 183, 498
62, 148, 797
127, 129, 1063
111, 41, 965
136, 20, 1018
136, 20, 1018
189, 57, 1214
200, 75, 1280
197, 101, 1265
184, 150, 1220
141, 199, 1249
141, 199, 1249
165, 288, 1431
110, 376, 1634
33, 432, 1645
-16, 427, 1661
-65, 464, 1713
-65, 464, 1713
-145, 519, 1710
-195, 483, 1840
-237, 338, 1895
-312, 133, 1759
-406, -159, 1463
-582, -486, 1141
-778, -761, 959
-859, -865, 678
-865, -797, 341
-,-,-
-226, 296, 650
-187, 218, 650
-191, 163, 850
-114, 121, 909
-49, 83, 844
-49, 83, 844
40, 67, 847
118, 77, 860
166, 72, 966
166, 72, 966
210, 91, 1031
251, 190, 1182
273, 318, 1410
310, 416, 1494
310, 416, 1494
250, 387, 1453
45, 335, 1562
-45, 398, 1641
-82, 460, 1721
-191, 402, 1641
-407, 256, 1669
-407, 256, 1669
-579, 72, 1704
-618, -28, 1716
-631, -188, 1676
-712, -456, 1524
-782, -646, 1179
-822, -647, 794
-,-,-
32, 344, 629
88, 236, 846
88, 236, 846
123, 134, 1128
170, 109, 1122
184, 42, 1026
225, 7, 1094
225, 7, 1094
254, 28, 1076
278, 54, 1110
165, 5, 1379
158, 106, 1432
158, 106, 1432
156, 280, 1526
152, 412, 1540
55, 381, 1623
-38, 359, 1620
-84, 412, 1635
-84, 412, 1635
-144, 458, 1701
-218, 409, 1718
-320, 172, 1701
-409, -107, 1606
-561, -444, 1454
-695, -723, 1243
-762, -874, 1069
-775, -802, 758
-704, -593, 549
-,-,-
22, 241, 672
22, 241, 672
-6, 101, 843
65, 78, 1057
197, 144, 1072
252, 172, 1055
252, 172, 1055
299, 213, 1085
276, 247, 1248
251, 279, 1184
233, 305, 1211
186, 318, 1361
89, 351, 1542
89, 351, 1542
-27, 400, 1606
-108, 397, 1619
-191, 345, 1641
-301, 293, 1816
-379, 269, 1813
-404, 218, 1804
-372, 85, 1755
-372, 85, 1755
-362, -207, 1476
-551, -560, 1264
-683, -803, 1143
-764, -854, 809
-802, -818, 418
-,-,-
-7, 449, 369
-7, 449, 369
26, 342, 665
131, 320, 729
254, 260, 778
254, 260, 778
421, 223, 961
445, 102, 1110
450, 19, 1404
417, -52, 1618
338, -38, 1649
338, -38, 1649
240, 53, 1611
173, 161, 1559
85, 246, 1449
23, 309, 1380
-74, 349, 1495
-74, 349, 1495
-209, 404, 1538
-317, 432, 1565
-405, 389, 1545
-531, 211, 1565
-608, 5, 1596
-681, -194, 1452
-750, -417, 1333
-790, -570, 1173
-803, -619, 939
-803, -619, 939
-,-,-
28, 480, 759
52, 415, 788
52, 415, 788
112, 331, 869
237, 317, 972
276, 252, 1014
310, 216, 988
310, 216, 988
372, 195, 1031
429, 187, 1133
419, 154, 1289
375, 164, 1357
293, 217, 1430
293, 217, 1430
195, 255, 1452
47, 229, 1516
-117, 250, 1509
-310, 264, 1613
-392, 229, 1652
-521, 98, 1806
-595, -4, 1728
-595, -4, 1728
-675, -155, 1660
-746, -378, 1590
-759, -570, 1330
-794, -657, 1062
-801, -631, 818
-770, -507, 564
-709, -384, 405
-,-,-
47, 378, 663
47, 378, 663
138, 350, 780
191, 292, 1018
212, 231, 984
212, 231, 984
210, 162, 972
260, 110, 1084
305, 96, 1318
315, 137, 1357
293, 196, 1249
293, 196, 1249
216, 214, 1268
146, 216, 1327
109, 256, 1345
54, 250, 1381
-25, 258, 1351
-25, 258, 1351
-132, 303, 1400
-188, 345, 1389
-273, 292, 1502
-392, 207, 1617
-463, 155, 1607
-520, 114, 1507
-594, -74, 1449
-651, -312, 1431
-648, -414, 1293
-661, -423, 1124
-659, -438, 929
-628, -433, 676
-628, -433, 676
-580, -314, 472
-,-,-
175, 357, 920
198, 295, 1075
173, 182, 1155
148, 99, 1075
148, 99, 1075
177, 63, 1216
246, 130, 1216
310, 253, 1259
279, 273, 1258
171, 208, 1321
88, 215, 1379
88, 215, 1379
24, 276, 1384
-42, 377, 1396
-193, 444, 1513
-324, 391, 1596
-431, 235, 1653
-547, 132, 1589
-547, 132, 1589
-642, -22, 1567
-682, -175, 1509
-657, -260, 1290
-702, -375, 1060
-730, -423, 893
-733, -404, 696
-687, -313, 471
-593, -197, 363
-512, -96, 318
-500, -18, 379
-,-,-
231, 219, 933
231, 219, 933
361, 275, 1055
455, 356, 1220
410, 301, 1300
407, 292, 1397
462, 364, 1469
462, 364, 1469
426, 380, 1485
287, 375, 1453
71, 289, 1522
-167, 206, 1518
-308, 247, 1410
-459, 229, 1347
-459, 229, 1347
-615, 187, 1444
-736, 92, 1530
-778, 6, 1614
-781, -28, 1589
-764, -83, 1471
-772, -200, 1278
-775, -292, 1054
-727, -269, 809
-685, -218, 573
-643, -170, 377
-643, -170, 377
-,-,-
112, 446, 1198
180, 417, 1288
206, 407, 1153
177, 350, 1248
229, 330, 1118
279, 326, 1070
286, 292, 1103
286, 292, 1103
281, 280, 1142
289, 303, 1154
257, 327, 1231
166, 339, 1286
106, 391, 1291
27, 377, 1329
27, 377, 1329
-99, 274, 1404
-280, 120, 1551
-416, 14, 1680
-506, -72, 1705
-611, -161, 1575
-713, -290, 1422
-815, -430, 1271
-835, -449, 1020
-799, -370, 749
-799, -370, 749
-745, -271, 538
-694, -205, 397
-623, -141, 333
-,-,-
24, 427, 664
24, 427, 664
29, 345, 732
28, 253, 1046
59, 205, 1138
59, 205, 1138
119, 192, 1127
132, 176, 1183
125, 193, 1242
136, 248, 1210
126, 323, 1274
114, 427, 1360
114, 427, 1360
56, 466, 1498
-42, 446, 1590
-185, 355, 1643
-334, 260, 1625
-399, 161, 1647
-472, 19, 1609
-472, 19, 1609
-580, -208, 1442
-662, -404, 1324
-703, -497, 1101
-702, -498, 976
-655, -382, 673
-607, -248, 421
-566, -143, 211
-533, -66, 76
-,-,-
85, 345, 632
229, 344, 789
340, 338, 950
334, 210, 1218
252, 71, 1464
252, 71, 1464
166, 7, 1604
138, 93, 1596
82, 182, 1600
35, 247, 1535
35, 247, 1535
-30, 287, 1526
-108, 330, 1442
-143, 393, 1422
-150, 439, 1464
-202, 411, 1423
-361, 313, 1452
-510, 252, 1447
-510, 252, 1314
-554, 252, 1314
-624, 118, 1270
-741, -149, 1286
-784, -305, 1213
-770, -369, 1072
-742, -417, 813
-688, -406, 587
-614, -329, 376
-539, -226, 245
-,-,-
41, 379, 645
116, 340, 815
116, 340, 815
177, 275, 1015
139, 180, 1035
132, 134, 1145
162, 135, 1305
237, 193, 1358
242, 243, 1350
242, 243, 1350
165, 296, 1415
118, 366, 1527
53, 403, 1544
-51, 372, 1476
-173, 333, 1469
-232, 353, 1546
-232, 353, 1546
-301, 365, 1668
-383, 288, 1699
-515, 93, 1710
-614, -87, 1531
-729, -272, 1230
-802, -362, 985
-798, -367, 788
-749, -311, 607
-,-,-
137, 453, 801
137, 453, 801
226, 401, 933
309, 355, 887
296, 211, 1087
255, 102, 1259
239, 44, 1292
239, 44, 1292
178, 20, 1332
123, 42, 1419
98, 92, 1468
84, 157, 1492
84, 157, 1492
86, 217, 1443
-5, 231, 1339
-88, 267, 1341
-191, 258, 1381
-191, 258, 1381
-293, 243, 1432
-382, 232, 1489
-430, 184, 1576
-462, 78, 1570
-527, -73, 1580
-617, -203, 1408
-688, -273, 1286
-681, -319, 1055
-688, -318, 680
-707, -279, 547
-714, -220, 417
-661, -133, 228
-,-,-
129, 242, 768
72, 78, 798
72, 78, 798
97, -37, 1076
205, 13, 1204
232, 52, 1434
232, 52, 1434
227, 52, 1480
203, 5, 1472
165, 11, 1445
135, 102, 1450
135, 102, 1450
121, 246, 1384
78, 320, 1369
8, 369, 1354
-43, 439, 1386
-81, 514, 1477
-81, 514, 1477
-136, 496, 1486
-270, 354, 1529
-391, 193, 1559
-479, 43, 1540
-607, -119, 1517
-700, -293, 1387
-776, -489, 1252
-807, -573, 1097
-827, -562, 873
-812, -520, 641
-727, -398, 377
-727, -398, 377
-629, -241, 209
-523, -65, 110
-,-,-
46, 329, 532
100, 226, 949
172, 151, 998
250, 98, 1155
283, 71, 1427
283, 71, 1427
179, -27, 1625
103, -11, 1554
64, 26, 1517
25, 64, 1470
25, 64, 1470
-53, 97, 1301
-119, 204, 1166
-131, 324, 1215
-96, 488, 1260
-180, 593, 1283
-339, 612, 1360
-339, 612, 1360
-453, 553, 1461
-566, 417, 1621
-681, 180, 1713
-809, -56, 1648
-862, -186, 1477
-820, -202, 1201
-724, -166, 887
-634, -116, 589
-573, -66, 413
-487, -1, 323
-,-,-
41, 332, 622
41, 332, 622
93, 254, 908
135, 214, 934
133, 165, 1039
131, 144, 1255
131, 144, 1255
116, 121, 1284
97, 122, 1229
65, 85, 1264
44, 63, 1366
44, 63, 1366
22, 85, 1407
39, 146, 1338
38, 173, 1313
38, 173, 1313
-29, 150, 1319
-125, 160, 1345
-184, 217, 1328
-231, 251, 1358
-339, 248, 1444
-421, 251, 1503
-433, 239, 1593
-439, 137, 1643
-532, -74, 1580
-532, -74, 1580
-625, -267, 1340
-708, -378, 1078
-733, -398, 848
-703, -356, 603
-673, -258, 409
-,-,-
-33, 448, 746
-23, 402, 634
0, 327, 472
0, 327, 472
50, 200, 725
176, 183, 986
235, 134, 1065
235, 134, 1065
241, 59, 1145
220, -2, 1312
194, 19, 1368
212, 122, 1361
174, 168, 1337
174, 168, 1337
63, 201, 1378
-42, 270, 1394
-105, 332, 1416
-183, 334, 1489
-260, 376, 1503
-327, 396, 1465
-412, 366, 1439
-412, 366, 1439
-457, 313, 1416
-456, 246, 1453
-527, 122, 1470
-622, -44, 1470
-683, -220, 1366
-715, -333, 1255
-697, -359, 1114
-665, -297, 866
-642, -231, 571
-609, -163, 283
-577, -86, 97
-577, -86, 97
-,-,-
-170, 317, 1021
-195, 249, 1019
-171, 308, 1140
-141, 319, 1098
-128, 296, 982
-125, 223, 972
-125, 223, 972
-96, 173, 1011
-40, 197, 927
6, 186, 925
18, 128, 1000
18, 128, 1000
16, 127, 996
32, 167, 1000
63, 260, 1130
20, 413, 1223
20, 413, 1223
-119, 536, 1319
-218, 531, 1455
-219, 529, 1510
-235, 500, 1603
-329, 396, 1664
-433, 243, 1583
-545, 42, 1538
-648, -122, 1381
-648, -122, 1196
-721, -263, 1196
-772, -341, 995
-770, -344, 793
-759, -325, 625
-707, -227, 449
-662, -121, 346
-571, -7, 276
-484, 112, 253
-449, 189, 314
-,-,-
-110, 447, 595
-104, 409, 594
-27, 365, 528
-27, 365, 528
41, 296, 668
178, 285, 854
237, 226, 920
218, 126, 1035
218, 126, 1035
197, 62, 1217
165, 42, 1352
151, 98, 1480
156, 178, 1602
97, 278, 1642
97, 278, 1642
26, 346, 1555
-71, 312, 1597
-171, 292, 1543
-262, 333, 1440
-342, 364, 1355
-444, 306, 1305
-444, 306, 1305
-510, 246, 1282
-554, 160, 1292
-576, 94, 1300
-633, -34, 1297
-674, -160, 1143
-706, -218, 1004
-686, -218, 901
-622, -118, 765
-574, -37, 637
-,-,-
-25, 432, 694
0, 388, 554
39, 320, 739
100, 303, 988
100, 303, 988
160, 308, 1014
125, 241, 1023
72, 141, 1131
11, 42, 1312
11, 42, 1312
0, 56, 1391
14, 133, 1327
15, 196, 1286
15, 196, 1286
12, 249, 1273
9, 290, 1251
0, 335, 1254
-21, 375, 1331
-21, 375, 1331
-55, 426, 1292
-138, 398, 1283
-232, 344, 1268
-308, 345, 1273
-371, 324, 1387
-463, 207, 1459
-548, 76, 1504
-638, -95, 1439
-638, -95, 1439
-717, -262, 1325
-746, -346, 1136
-746, -351, 925
-730, -286, 751
-684, -207, 573
-,-,-
-19, 107, 902
-2, 90, 1049
-2, 90, 1049
17, 84, 1146
72, 111, 1308
113, 135, 1343
103, 172, 1288
103, 172, 1288
60, 192, 1241
-7, 174, 1212
-30, 161, 1201
-43, 196, 1190
-78, 222, 1256
-78, 222, 1256
-146, 240, 1319
-152, 324, 1394
-142, 346, 1344
-228, 347, 1200
-296, 378, 1194
-378, 319, 1252
-461, 234, 1329
-507, 180, 1363
-550, 138, 1341
-589, 54, 1369
-589, 54, 1369
-622, -27, 1377
-630, -53, 1378
-636, -93, 1286
-642, -136, 1139
-652, -154, 919
-673, -148, 726
-,-,-
41, 441, 906
110, 379, 965
123, 326, 1074
123, 326, 1074
115, 273, 1113
129, 237, 1150
165, 193, 1218
219, 194, 1233
244, 206, 1295
229, 198, 1333
229, 198, 1333
199, 208, 1302
152, 240, 1202
87, 265, 1128
3, 298, 1200
-67, 333, 1235
-67, 333, 1235
-141, 360, 1235
-251, 381, 1275
-333, 373, 1321
-391, 322, 1412
-438, 271, 1518
-492, 177, 1494
-561, 47, 1415
-599, -33, 1300
-631, -70, 1183
-631, -70, 1183
-664, -115, 993
-678, -141, 838
-664, -121, 659
-651, -59, 574
-594, 26, 484
-529, 94, 442
-503, 138, 387
-503, 138, 387
-,-,-
54, 361, 907
152, 369, 1002
162, 330, 839
172, 264, 814
217, 222, 1096
217, 222, 1096
299, 260, 1288
396, 335, 1220
396, 331, 1215
321, 354, 1324
210, 379, 1319
151, 392, 1315
151, 392, 1315
106, 378, 1332
7, 324, 1377
-153, 253, 1426
-281, 183, 1416
-352, 184, 1439
-402, 201, 1359
-402, 201, 1359
-447, 186, 1296
-514, 107, 1312
-560, 43, 1273
-585, 0, 1227
-631, -46, 1166
-669, -103, 1081
-678, -112, 1036
-676, -84, 865
-679, -70, 737
-679, -70, 737
-661, -41, 611
-623, 17, 557
-589, 75, 528
-549, 107, 516
-515, 140, 490
-515, 140, 490
-485, 191, 507
-454, 216, 565
-,-,-
-31, 298, 1264
39, 307, 1089
75, 259, 1046
105, 234, 1205
188, 248, 1243
188, 248, 1243
218, 264, 1146
202, 250, 1144
205, 269, 1200
210, 279, 1152
217, 315, 1117
172, 377, 1203
172, 377, 1203
123, 409, 1296
76, 414, 1322
0, 408, 1345
-102, 391, 1433
-240, 300, 1478
-339, 218, 1551
-339, 218, 1551
-378, 178, 1519
-440, 91, 1402
-513, 10, 1309
-561, -38, 1210
-573, -80, 1067
-526, -71, 909
-538, -69, 766
-561, -86, 718
-561, -86, 718
-554, -75, 613
-507, -22, 503
-449, 63, 503
-393, 141, 541
-,-,-
30, 337, 1057
18, 281, 1069
18, 281, 1069
-25, 183, 961
-24, 110, 1068
38, 95, 1329
116, 140, 1252
116, 140, 1252
120, 142, 1180
151, 236, 1291
254, 352, 1347
393, 494, 1421
427, 593, 1423
321, 605, 1487
321, 605, 1487
268, 588, 1512
229, 553, 1535
180, 515, 1531
52, 389, 1581
-106, 190, 1595
-238, 16, 1481
-238, 16, 1481
-350, -96, 1320
-485, -200, 1216
-556, -265, 1106
-577, -244, 941
-563, -145, 779
-505, -21, 650
-488, 27, 484
-,-,-
-88, 301, 913
-43, 257, 943
1, 251, 911
1, 251, 911
70, 235, 1181
89, 177, 1315
93, 138, 1356
93, 138, 1356
112, 119, 1373
116, 91, 1396
107, 110, 1362
114, 157, 1232
114, 198, 1195
114, 198, 1195
91, 240, 1219
89, 323, 1277
86, 368, 1262
50, 371, 1344
22, 401, 1374
22, 401, 1374
-43, 404, 1461
-118, 358, 1539
-186, 228, 1558
-304, 67, 1590
-414, -63, 1606
-510, -194, 1487
-594, -298, 1215
-594, -298, 1215
-631, -306, 960
-650, -282, 788
-626, -209, 629
-,-,-
21, 223, 1230
36, 201, 1247
36, 201, 1247
47, 201, 1229
69, 218, 1222
88, 217, 1140
88, 184, 1082
88, 184, 1082
105, 149, 1098
126, 165, 1144
114, 169, 1160
118, 158, 1076
127, 167, 1088
124, 194, 1116
124, 194, 1116
88, 238, 1160
70, 295, 1149
46, 310, 1195
6, 293, 1284
6, 293, 1284
-79, 275, 1332
-151, 251, 1403
-184, 200, 1454
-233, 147, 1580
-332, 99, 1532
-428, 5, 1434
-428, 5, 1434
-470, -75, 1255
-491, -75, 1145
-508, -68, 1081
-524, -74, 946
-517, -75, 711
-501, -58, 523
-501, -58, 523
-480, -10, 405
-,-,-
-84, 338, 862
-105, 213, 1024
-100, 162, 1167
0, 191, 1078
34, 159, 1019
32, 121, 1125
32, 121, 1125
49, 139, 1175
78, 200, 1146
63, 224, 1141
58, 225, 1143
58, 225, 1143
37, 205, 1107
25, 244, 1138
44, 343, 1182
103, 507, 1221
103, 507, 1221
134, 638, 1234
66, 676, 1333
-28, 671, 1457
-89, 597, 1525
-144, 471, 1586
-253, 255, 1555
-392, 61, 1517
-392, 61, 1517
-468, -67, 1450
-523, -146, 1294
-571, -187, 1062
-609, -199, 805
-,-,-
26, 266, 972
26, 266, 972
48, 227, 948
94, 197, 1245
114, 197, 1450
114, 197, 1450
169, 218, 1391
174, 216, 1289
172, 275, 1334
161, 333, 1496
104, 351, 1580
84, 402, 1331
84, 402, 1331
78, 413, 1091
28, 390, 1117
13, 411, 1149
-3, 437, 1168
-3, 437, 1168
-34, 457, 1189
-30, 468, 1258
-69, 395, 1403
-158, 263, 1506
-237, 155, 1529
-350, 12, 1427
-350, 12, 1427
-397, -64, 1380
-401, -80, 1242
-474, -106, 1014
-523, -110, 792
-559, -115, 591
-585, -114, 438
-,-,-
156, 417, 885
82, 250, 1165
41, 130, 1328
41, 130, 1328
59, 96, 1305
121, 134, 1257
176, 159, 1138
220, 205, 1135
174, 229, 1143
174, 229, 1143
63, 238, 1138
-50, 241, 1234
-84, 318, 1390
-60, 441, 1391
-45, 530, 1372
-45, 530, 1372
-56, 586, 1460
-77, 586, 1470
-164, 459, 1460
-231, 282, 1452
-352, 73, 1463
-475, -100, 1375
-560, -213, 1190
-622, -268, 879
-655, -273, 672
-655, -273, 672
-619, -217, 567
-597, -152, 423
-624, -101, 206
-,-,-
25, 286, 1042
1, 209, 951
18, 150, 1059
110, 179, 1239
118, 158, 1165
118, 158, 1165
129, 144, 1154
142, 129, 1107
171, 167, 1192
186, 262, 1214
224, 351, 1268
222, 381, 1325
222, 381, 1325
178, 400, 1336
112, 426, 1306
46, 463, 1379
38, 482, 1445
2, 426, 1516
2, 426, 1516
-121, 291, 1549
-252, 126, 1466
-357, -31, 1340
-439, -153, 1218
-519, -223, 1115
-553, -256, 992
-558, -259, 706
-588, -210, 484
-604, -210, 430
-604, -159, 430
-563, -83, 351
-,-,-
29, 359, 712
14, 267, 1205
75, 252, 1145
102, 183, 974
102, 183, 974
93, 104, 1080
117, 87, 1148
157, 134, 1070
177, 206, 1067
177, 206, 1067
126, 280, 1123
113, 395, 1268
83, 460, 1354
39, 533, 1439
9, 611, 1565
9, 611, 1565
1, 677, 1657
-7, 686, 1621
-75, 591, 1543
-155, 456, 1545
-155, 456, 1545
-206, 350, 1502
-252, 233, 1438
-310, 108, 1234
-408, -49, 1103
-509, -186, 959
-596, -293, 827
-649, -324, 646
-672, -254, 475
-675, -180, 284
-639, -117, 170
-,-,-
-45, 345, 870
72, 315, 853
78, 279, 848
78, 279, 848
79, 191, 1170
128, 171, 1293
180, 180, 1137
209, 189, 1148
172, 187, 1179
172, 187, 1179
93, 214, 1188
49, 315, 1255
36, 443, 1346
38, 544, 1450
38, 544, 1450
-71, 557, 1539
-179, 539, 1497
-236, 514, 1503
-225, 500, 1529
-288, 390, 1509
-356, 252, 1439
-449, 62, 1393
-503, -92, 1265
-503, -92, 1265
-536, -178, 1101
-585, -210, 895
-633, -236, 698
-645, -220, 494
-628, -152, 447
-,-,-
-24, 384, 674
69, 451, 917
69, 451, 917
158, 429, 961
128, 299, 973
75, 133, 1023
109, 52, 1191
109, 52, 1191
147, 46, 1359
144, 34, 1427
134, 47, 1476
131, 143, 1536
131, 143, 1536
160, 304, 1594
158, 402, 1592
114, 431, 1504
41, 436, 1384
-3, 452, 1417
-31, 458, 1450
-31, 458, 1450
-59, 492, 1415
-160, 460, 1495
-227, 327, 1511
-296, 123, 1512
-449, -104, 1437
-574, -257, 1215
-625, -327, 973
-638, -333, 717
-649, -307, 500
-,-,-
79, 391, 711
96, 275, 819
96, 275, 819
73, 137, 997
71, 71, 1135
45, 61, 1301
45, 61, 1301
67, 116, 1357
45, 163, 1431
-199, 185, 1921
-93, 365, 1688
4, 467, 945
4, 467, 945
-17, 532, 1047
-43, 596, 1083
-86, 632, 1223
-155, 574, 1237
-155, 574, 1237
-228, 451, 1240
-288, 307, 1467
-346, 201, 1553
-462, 52, 1528
-540, -78, 1410
-572, -165, 1293
-594, -165, 1006
-619, -123, 830
-600, -100, 659
-600, -107, 489
-592, -75, 381
-592, -75, 381
-,-,-
29, 376, 717
29, 376, 717
142, 390, 866
219, 364, 1022
229, 300, 924
206, 223, 884
206, 223, 884
195, 188, 1052
161, 222, 1134
84, 319, 1189
-12, 339, 1259
-111, 275, 1380
-212, 257, 1508
-212, 257, 1508
-246, 305, 1502
-252, 383, 1543
-239, 465, 1548
-246, 486, 1558
-254, 462, 1502
-286, 388, 1456
-343, 264, 1358
-423, 107, 1204
-483, -9, 1136
-483, -9, 1136
-527, -91, 1082
-556, -141, 966
-602, -184, 846
-635, -181, 726
-619, -127, 570
-,-,-
119, 202, 1011
136, 143, 1183
139, 145, 1265
139, 145, 1265
123, 175, 1244
144, 219, 1303
125, 263, 1285
115, 320, 1277
112, 361, 1410
51, 432, 1369
51, 432, 1369
-73, 475, 1382
-153, 501, 1370
-226, 504, 1465
-266, 471, 1525
-333, 327, 1530
-450, 97, 1638
-518, -51, 1642
-518, -51, 1642
-585, -175, 1448
-625, -270, 1165
-632, -316, 1004
-608, -276, 804
-584, -193, 586
-578, -128, 388
-586, -102, 226
-585, -69, 134
-602, -11, 113
-,-,-
-77, 102, 1134
-4, 156, 1095
-4, 156, 1095
-28, 151, 1163
-36, 202, 1335
50, 336, 1459
78, 456, 1405
28, 543, 1329
28, 543, 1329
-18, 556, 1289
-103, 498, 1353
-173, 485, 1353
-263, 471, 1297
-340, 382, 1405
-480, 199, 1584
-564, 80, 1620
-564, 80, 1620
-574, -2, 1508
-649, -169, 1361
-686, -290, 1226
-700, -321, 990
-689, -282, 670
-665, -214, 462
-605, -137, 282
-535, -59, 171
-,-,-
-63, 350, 613
-63, 350, 613
-34, 268, 591
9, 170, 633
35, 78, 764
35, 78, 764
55, 42, 856
128, 90, 904
177, 122, 1084
177, 122, 1084
142, 175, 1316
7, 360, 1528
-157, 515, 1695
-210, 597, 1857
-289, 604, 1950
-397, 535, 1946
-460, 434, 1825
-460, 434, 1825
-450, 393, 1703
-498, 294, 1491
-547, 125, 1324
-620, -79, 1044
-714, -246, 735
-786, -315, 465
-,-,-
67, 484, 943
67, 413, 981
67, 413, 981
100, 304, 748
65, 154, 815
31, 46, 1102
31, 46, 1102
55, 58, 1030
108, 183, 999
88, 315, 1090
44, 388, 1221
44, 388, 1221
53, 455, 1359
12, 522, 1436
-79, 586, 1509
-164, 612, 1600
-215, 627, 1668
-215, 627, 1668
-243, 581, 1730
-324, 406, 1776
-385, 195, 1720
-515, -44, 1558
-620, -239, 1365
-705, -378, 1036
-,-,-
-5, 532, 678
43, 491, 631
48, 382, 700
-16, 234, 829
-16, 234, 829
-30, 121, 958
10, 95, 982
14, 123, 1148
14, 123, 1148
-3, 180, 1169
-29, 236, 1225
-4, 395, 1360
89, 628, 1552
152, 748, 1699
152, 748, 1699
126, 735, 1771
1, 705, 1695
-168, 628, 1629
-239, 551, 1544
-276, 505, 1471
-355, 362, 1471
-355, 362, 1471
-412, 121, 1365
-503, -142, 1254
-597, -340, 1298
-676, -508, 1120
-700, -606, 771
-,-,-
-12, 300, 1002
29, 291, 977
29, 291, 977
68, 296, 1121
63, 272, 1275
35, 256, 1380
5, 283, 1348
5, 283, 1348
-53, 348, 1296
-121, 371, 1358
-120, 435, 1510
-88, 501, 1512
-116, 544, 1478
-116, 544, 1478
-176, 538, 1414
-199, 536, 1447
-231, 522, 1624
-214, 462, 1565
-310, 191, 1443
-443, -125, 1366
-608, -399, 1281
-748, -568, 1001
-776, -555, 599
-773, -462, 369
-,-,-
-5, 496, 784
-18, 419, 760
-18, 419, 760
-3, 330, 630
60, 242, 748
75, 134, 888
75, 134, 888
110, 97, 989
191, 108, 1169
228, 130, 1304
179, 145, 1357
186, 226, 1319
186, 226, 1319
218, 300, 1441
163, 376, 1580
74, 483, 1603
15, 569, 1616
-27, 615, 1675
-27, 615, 1675
-104, 607, 1703
-175, 553, 1682
-248, 455, 1560
-407, 243, 1468
-552, -34, 1366
-702, -291, 1184
-794, -431, 949
-,-,-
-35, 351, 488
69, 308, 796
69, 308, 796
80, 174, 949
119, 87, 963
153, 41, 1028
153, 41, 1028
175, 51, 1067
217, 127, 1160
238, 231, 1227
196, 375, 1382
111, 552, 1582
111, 552, 1582
27, 648, 1782
-83, 633, 1877
-272, 505, 1937
-469, 331, 1924
-578, 224, 1941
-601, 100, 1815
-671, -78, 1596
-671, -78, 1596
-753, -332, 1443
-820, -543, 1153
-835, -628, 839
-,-,-
73, 482, 656
112, 399, 922
161, 324, 715
163, 204, 709
99, 69, 1003
99, 69, 1003
122, 82, 1246
209, 167, 1363
163, 170, 1422
45, 207, 1496
45, 207, 1496
-42, 272, 1610
-49, 369, 1746
-24, 509, 1844
-82, 583, 1872
-203, 509, 1802
-317, 316, 1860
-317, 316, 1860
-369, 97, 1830
-521, -186, 1632
-657, -468, 1471
-758, -686, 1200
-,-,-
168, 371, 977
243, 309, 808
246, 245, 947
212, 142, 1308
203, 138, 1385
203, 138, 1385
258, 203, 1420
209, 318, 1404
99, 422, 1421
-13, 408, 1441
-63, 398, 1428
-63, 398, 1428
-84, 442, 1421
-115, 485, 1385
-116, 509, 1473
-156, 434, 1611
-221, 268, 1784
-264, 59, 1740
-450, -287, 1637
-649, -672, 1594
-754, -811, 1397
-788, -720, 979
-788, -720, 979
-764, -570, 538
-724, -432, 222
-619, -273, 52
-522, -99, -59
-,-,-
25, 399, 864
11, 311, 988
11, 311, 988
118, 287, 775
122, 220, 831
119, 142, 1111
221, 172, 1245
221, 172, 1245
309, 284, 1281
287, 382, 1398
215, 479, 1440
164, 507, 1459
90, 435, 1474
90, 435, 1474
-80, 337, 1571
-199, 285, 1643
-270, 244, 1790
-361, 166, 1738
-511, -25, 1653
-614, -210, 1482
-,-,-
-15, 322, 880
-15, 322, 880
20, 254, 816
87, 206, 928
121, 172, 1078
121, 172, 1078
158, 177, 1134
223, 239, 1175
283, 312, 1257
204, 333, 1316
86, 356, 1408
-1, 380, 1514
-1, 380, 1514
-72, 428, 1609
-245, 448, 1614
-381, 427, 1542
-433, 365, 1607
-493, 226, 1654
-626, 28, 1543
-730, -127, 1387
-730, -127, 1387
-,-,-
85, 348, 833
85, 348, 833
95, 304, 915
119, 218, 950
103, 187, 956
103, 187, 956
87, 237, 1176
189, 367, 1298
318, 463, 1348
352, 477, 1450
258, 415, 1488
258, 415, 1488
204, 415, 1445
183, 444, 1398
174, 505, 1491
87, 556, 1503
-104, 497, 1506
-287, 356, 1533
-342, 274, 1557
-342, 274, 1557
-408, 141, 1574
-541, -73, 1473
-652, -288, 1341
-711, -440, 1153
-,-,-
171, 276, 1017
188, 250, 1223
246, 235, 956
246, 235, 956
248, 219, 829
302, 222, 1229
379, 294, 1261
395, 347, 1263
386, 402, 1370
386, 402, 1370
302, 445, 1483
169, 502, 1622
78, 498, 1722
22, 424, 1751
-158, 299, 1847
-368, 126, 1909
-368, 126, 1909
-377, 3, 1836
-422, -169, 1773
-522, -358, 1560
-660, -493, 1159
-,-,-
16, 288, 917
115, 281, 867
115, 281, 867
183, 227, 965
243, 195, 1311
278, 220, 1484
286, 218, 1415
282, 194, 1423
282, 194, 1423
221, 247, 1430
124, 378, 1484
55, 453, 1564
12, 494, 1648
-119, 489, 1694
-119, 489, 1694
-274, 403, 1709
-382, 217, 1755
-469, 56, 1634
-620, -147, 1536
-709, -294, 1280
-768, -401, 935
-809, -407, 660
-812, -364, 463
-788, -293, 296
-,-,-
204, 465, 709
225, 357, 819
238, 317, 733
230, 200, 936
258, 126, 1104
313, 171, 1105
313, 171, 1105
318, 186, 1237
277, 138, 1429
230, 162, 1436
128, 200, 1427
7, 228, 1472
7, 228, 1472
-33, 273, 1545
-19, 307, 1540
-32, 331, 1500
-144, 375, 1471
-219, 407, 1443
-217, 487, 1499
-217, 487, 1499
-234, 463, 1523
-359, 287, 1512
-471, 79, 1515
-583, -159, 1380
-735, -372, 1036
-862, -504, 814
-,-,-
234, 304, 996
234, 304, 996
164, 200, 1030
180, 158, 1104
204, 169, 1085
227, 221, 1106
227, 221, 1249
253, 264, 1249
221, 283, 1338
163, 298, 1399
137, 342, 1497
104, 355, 1550
5, 375, 1561
5, 375, 1561
-96, 431, 1527
-186, 444, 1542
-231, 400, 1541
-293, 301, 1547
-398, 136, 1475
-464, -27, 1375
-524, -186, 1239
-613, -325, 981
-613, -325, 981
-690, -397, 768
-713, -391, 623
-,-,-
120, 272, 864
120, 272, 864
159, 234, 973
218, 193, 1263
289, 240, 1223
300, 251, 1129
295, 221, 1131
295, 221, 1131
275, 179, 1223
253, 191, 1183
238, 260, 1224
214, 325, 1266
189, 372, 1409
156, 392, 1440
156, 392, 1440
32, 376, 1495
-120, 327, 1539
-221, 249, 1502
-315, 147, 1593
-394, 14, 1590
-516, -145, 1482
-627, -284, 1316
-689, -354, 1110
-736, -360, 797
-775, -331, 544
-,-,-
214, 408, 550
126, 213, 916
162, 122, 1144
245, 99, 1103
297, 142, 1333
297, 142, 1333
291, 156, 1588
286, 229, 1549
292, 303, 1462
249, 310, 1369
160, 314, 1402
100, 349, 1417
100, 349, 1417
62, 380, 1382
9, 399, 1349
-93, 391, 1355
-221, 362, 1355
-302, 305, 1355
-343, 216, 1405
-343, 216, 1405
-433, 59, 1465
-553, -140, 1484
-638, -259, 1390
-690, -313, 1265
-714, -294, 1084
-691, -255, 807
-675, -201, 545
-654, -117, 408
-593, -11, 310
-529, 93, 221
-529, 93, 221
-462, 185, 162
-414, 276, 198
-388, 316, 302
-,-,-
-104, 433, 376
-110, 342, 683
-27, 243, 674
-27, 243, 674
38, 152, 619
131, 97, 882
187, 1, 1108
235, -24, 1236
235, -24, 1236
210, -55, 1345
206, -12, 1426
194, 92, 1536
205, 198, 1568
166, 276, 1625
166, 276, 1625
82, 356, 1616
52, 452, 1670
38, 536, 1629
-55, 537, 1647
-188, 440, 1603
-188, 440, 1525
-330, 246, 1525
-458, 37, 1411
-600, -196, 1218
-755, -378, 1017
-829, -418, 849
-805, -342, 673
-738, -211, 523
-,-,-
47, 359, 705
47, 359, 705
99, 263, 764
206, 211, 851
233, 161, 1103
233, 161, 1103
233, 106, 1253
237, 97, 1202
223, 87, 1268
164, 71, 1424
133, 133, 1436
133, 133, 1436
91, 215, 1469
30, 280, 1521
20, 372, 1494
16, 428, 1449
-40, 461, 1427
-40, 461, 1427
-121, 479, 1440
-194, 500, 1472
-260, 456, 1405
-331, 353, 1361
-434, 203, 1385
-539, 47, 1299
-631, -99, 1185
-701, -231, 1059
-775, -340, 941
-,-,-
120, 515, 761
116, 505, 691
116, 505, 691
129, 390, 729
209, 291, 793
265, 221, 975
241, 130, 1084
241, 130, 1084
237, 74, 1138
254, 61, 1287
261, 123, 1387
207, 191, 1388
163, 258, 1450
163, 258, 1450
119, 357, 1556
20, 433, 1563
-93, 437, 1577
-210, 374, 1620
-332, 292, 1669
-438, 168, 1604
-559, -15, 1475
-559, -15, 1475
-682, -183, 1298
-769, -265, 1098
-,-,-
57, 540, 543
70, 473, 699
75, 346, 1000
151, 337, 1007
177, 293, 865
177, 293, 865
106, 112, 1005
80, -10, 1170
116, -38, 1176
160, -35, 1206
181, 11, 1283
181, 11, 1283
172, 104, 1382
201, 244, 1458
245, 410, 1472
185, 466, 1487
69, 484, 1420
69, 484, 1420
-18, 473, 1417
-38, 512, 1375
-85, 551, 1390
-185, 533, 1405
-269, 421, 1412
-399, 210, 1336
-399, 210, 1336
-576, -46, 1259
-708, -244, 1095
-766, -377, 968
-784, -437, 930
-,-,-
37, 235, 1011
37, 235, 1011
25, 132, 1346
20, 97, 1191
93, 80, 1339
93, 80, 1339
240, 187, 1406
386, 268, 1413
408, 246, 1419
410, 211, 1325
401, 159, 1340
401, 159, 1340
380, 172, 1341
319, 248, 1259
231, 295, 1209
153, 326, 1244
43, 361, 1260
-140, 353, 1278
-140, 353, 1278
-240, 302, 1316
-329, 182, 1427
-479, -22, 1481
-610, -188, 1575
-681, -275, 1482
-707, -315, 1267
-699, -290, 1077
-697, -261, 859
-679, -229, 653
-657, -179, 527
-618, -122, 437
-574, -65, 476
-574, -65, 476
-506, 15, 503
-439, 101, 476
-,-,-
-222, 287, 747
-190, 256, 835
-100, 289, 761
-63, 279, 743
-55, 206, 894
-55, 206, 894
0, 169, 971
70, 136, 915
98, 94, 1006
98, 94, 1006
138, 98, 1067
174, 161, 1098
230, 259, 1152
295, 366, 1203
370, 462, 1251
370, 462, 1251
304, 480, 1194
86, 472, 1267
-15, 404, 1494
-200, 187, 1822
-357, 4, 1818
-492, -231, 1772
-663, -511, 1637
-663, -511, 1637
-820, -666, 1391
-,-,-
-179, 436, 694
-179, 436, 694
-144, 345, 632
29, 370, 523
137, 308, 700
123, 166, 998
123, 166, 998
182, 104, 1001
245, 96, 1022
282, 105, 1055
303, 94, 1059
318, 126, 1103
318, 126, 1103
274, 223, 1319
230, 320, 1468
207, 339, 1612
125, 381, 1702
29, 435, 1635
-95, 435, 1562
-95, 413, 1562
-156, 401, 1555
-171, 427, 1534
-236, 358, 1451
-340, 190, 1356
-513, -22, 1265
-653, -180, 1224
-704, -276, 1174
-719, -353, 1074
-743, -378, 882
-728, -336, 779
-728, -336, 779
-650, -224, 682
-,-,-
-1, 424, 726
170, 386, 725
207, 363, 840
207, 363, 840
174, 217, 993
201, 141, 1166
242, 117, 1200
247, 127, 1310
203, 150, 1388
203, 150, 1388
100, 169, 1394
10, 204, 1412
-91, 212, 1395
-175, 248, 1450
-254, 317, 1457
-327, 366, 1438
-360, 355, 1392
-360, 355, 1392
-437, 278, 1556
-471, 176, 1607
-474, 98, 1551
-518, -25, 1453
-576, -148, 1300
-598, -202, 1063
-606, -188, 883
-606, -137, 708
-,-,-
41, 482, 678
41, 482, 678
105, 410, 789
168, 321, 757
207, 180, 805
207, 180, 805
273, 118, 921
358, 107, 1085
399, 125, 1143
376, 165, 1242
325, 220, 1300
325, 220, 1300
277, 279, 1390
159, 339, 1524
18, 388, 1636
-116, 382, 1680
-238, 290, 1624
-355, 212, 1662
-433, 186, 1672
-433, 186, 1672
-530, 99, 1639
-578, 20, 1493
-618, -59, 1264
-672, -131, 1072
-692, -170, 899
-694, -176, 727
-698, -198, 624
-,-,-
70, 391, 529
101, 336, 798
101, 336, 798
142, 232, 831
257, 127, 831
381, 65, 918
425, -12, 1100
409, -65, 1273
409, -65, 1273
405, -74, 1316
394, -15, 1358
299, 148, 1361
169, 338, 1498
124, 425, 1687
96, 425, 1765
96, 491, 1765
-3, 526, 1697
-136, 477, 1570
-218, 429, 1522
-279, 352, 1455
-361, 185, 1464
-439, -61, 1449
-439, -61, 1449
-495, -225, 1455
-594, -376, 1358
-720, -534, 1036
-,-,-
-336, 313, 843
-316, 297, 872
-315, 274, 882
-270, 308, 803
-196, 336, 814
-137, 303, 737
-137, 303, 737
-83, 254, 720
-60, 206, 734
-41, 177, 745
5, 171, 812
5, 171, 812
72, 182, 881
126, 196, 935
197, 222, 983
197, 222, 983
238, 241, 1108
231, 282, 1283
165, 368, 1414
62, 439, 1487
-80, 384, 1556
-80, 384, 1556
-309, 236, 1734
-583, 146, 1834
-798, 13, 1742
-875, -115, 1642
-947, -315, 1431
-1053, -491, 1119
-,-,-
166, 522, 876
222, 359, 809
127, 218, 786
127, 218, 786
106, 67, 834
76, -19, 1069
107, 26, 1069
88, 84, 1062
88, 84, 1062
51, 141, 1137
34, 238, 1347
84, 379, 1482
43, 499, 1518
43, 499, 1518
-71, 586, 1606
-145, 538, 1810
-238, 455, 1873
-387, 369, 1733
-503, 199, 1534
-583, -12, 1361
-658, -195, 1183
-785, -412, 1086
-785, -412, 1086
-,-,-
56, 462, 760
88, 450, 666
88, 450, 666
163, 416, 501
213, 315, 788
324, 287, 953
336, 256, 852
336, 256, 852
294, 211, 925
242, 127, 1207
231, 121, 1448
143, 156, 1536
51, 212, 1493
51, 212, 1493
52, 299, 1536
-19, 341, 1581
-138, 404, 1616
-296, 383, 1703
-396, 319, 1681
-517, 165, 1661
-517, 165, 1661
-640, -37, 1570
-763, -238, 1422
-863, -400, 1175
-889, -432, 906
-839, -364, 641
-,-,-
160, 339, 726
79, 199, 848
79, 199, 848
67, 44, 953
34, -16, 887
38, -5, 889
38, -5, 889
111, 31, 1028
198, 46, 1295
281, 66, 1503
281, 66, 1503
336, 124, 1446
304, 155, 1488
276, 171, 1465
219, 130, 1454
137, 154, 1401
137, 154, 1401
85, 210, 1329
15, 245, 1422
-60, 260, 1395
-234, 175, 1440
-371, 123, 1424
-413, 84, 1402
-413, 84, 1402
-432, 40, 1405
-518, -121, 1394
-599, -277, 1254
-655, -398, 1103
-663, -399, 940
-,-,-
33, 261, 1014
94, 144, 1149
164, 128, 943
164, 128, 943
237, 106, 912
296, 93, 1179
302, 84, 1300
343, 134, 1225
343, 134, 1225
287, 144, 1199
209, 173, 1232
155, 208, 1288
99, 247, 1331
-32, 283, 1440
-148, 302, 1479
-148, 302, 1479
-235, 270, 1555
-354, 189, 1638
-472, 64, 1631
-572, -26, 1612
-609, -133, 1443
-690, -308, 1238
-751, -409, 1156
-757, -388, 986
-768, -344, 777
-,-,-
-118, 346, 687
45, 397, 913
125, 439, 765
127, 318, 687
127, 318, 687
175, 195, 1008
289, 202, 1138
335, 210, 1084
319, 186, 1126
224, 160, 1217
104, 190, 1439
104, 190, 1439
25, 230, 1525
-75, 229, 1496
-184, 231, 1458
-225, 247, 1410
-235, 266, 1489
-250, 296, 1465
-269, 313, 1318
-269, 313, 1318
-289, 265, 1281
-344, 163, 1364
-419, 16, 1316
-499, -137, 1196
-590, -250, 1090
-681, -339, 994
-,-,-
29, 392, 753
104, 304, 772
76, 149, 949
128, 124, 1059
128, 124, 1059
155, 127, 1071
178, 113, 1080
219, 125, 1090
281, 193, 1253
276, 281, 1318
211, 367, 1420
211, 367, 1420
129, 375, 1521
-7, 297, 1563
-161, 252, 1573
-303, 293, 1582
-422, 279, 1622
-440, 182, 1625
-525, -7, 1644
-643, -197, 1537
-643, -197, 1537
-705, -359, 1303
-744, -408, 1004
-,-,-
185, 500, 738
248, 448, 803
204, 272, 892
187, 159, 1007
252, 101, 1025
252, 101, 1025
260, 56, 1133
245, 25, 1231
196, -10, 1360
199, 50, 1449
225, 170, 1417
225, 170, 1417
175, 291, 1427
114, 421, 1489
-23, 510, 1563
-177, 540, 1565
-300, 463, 1566
-428, 287, 1616
-591, 90, 1545
-591, 90, 1545
-645, -124, 1424
-740, -362, 1296
-831, -507, 1130
-851, -487, 904
-,-,-
108, 435, 701
108, 435, 701
133, 332, 831
185, 266, 1042
290, 266, 1072
323, 228, 1090
305, 160, 1199
305, 160, 1199
272, 136, 1254
245, 167, 1312
214, 234, 1281
178, 367, 1336
130, 475, 1357
40, 538, 1364
40, 538, 1364
-87, 612, 1454
-197, 617, 1582
-277, 486, 1607
-414, 288, 1620
-528, 71, 1642
-518, -42, 1549
-554, -107, 1342
-554, -107, 1342
-602, -183, 1225
-617, -270, 1014
-625, -311, 754
-,-,-
12, 310, 734
-57, 148, 958
-57, 148, 958
8, 85, 923
61, 47, 984
158, 89, 1000
158, 89, 1000
257, 107, 1064
338, 132, 1092
362, 179, 1100
333, 222, 1103
261, 278, 1170
173, 370, 1300
173, 370, 1300
66, 447, 1336
-80, 478, 1389
-173, 502, 1481
-183, 557, 1611
-234, 541, 1674
-358, 340, 1724
-469, 77, 1743
-469, 77, 1743
-539, -90, 1606
-638, -266, 1421
-,-,-
179, 459, 629
155, 306, 891
240, 245, 1006
240, 245, 1006
327, 250, 992
314, 187, 1000
282, 127, 1133
259, 152, 1317
227, 250, 1418
212, 323, 1421
212, 323, 1421
214, 399, 1499
137, 453, 1585
21, 530, 1614
-64, 573, 1620
-126, 509, 1649
-247, 444, 1696
-247, 444, 1696
-381, 407, 1555
-490, 269, 1248
-577, 17, 1178
-725, -226, 1165
-,-,-
38, 398, 679
84, 355, 810
84, 355, 810
230, 382, 916
338, 369, 911
323, 282, 908
323, 282, 908
324, 260, 1209
384, 301, 1316
401, 301, 1283
325, 269, 1272
164, 349, 1334
4, 501, 1400
4, 501, 1400
-129, 532, 1469
-250, 506, 1467
-401, 457, 1574
-519, 393, 1684
-574, 329, 1731
-576, 235, 1622
-576, 235, 1622
-575, 41, 1557
-631, -191, 1492
-685, -321, 1264
-,-,-
208, 557, 665
208, 557, 665
249, 505, 661
166, 315, 913
167, 252, 1050
193, 223, 985
219, 198, 1074
219, 198, 1074
246, 209, 1154
224, 271, 1242
139, 390, 1249
106, 475, 1385
79, 484, 1481
79, 484, 1481
10, 512, 1472
-88, 574, 1470
-135, 596, 1485
-221, 525, 1572
-390, 329, 1668
-504, 134, 1632
-616, -66, 1545
-706, -230, 1401
-706, -230, 1401
-743, -294, 1171
-,-,-
175, 525, 959
179, 399, 972
245, 304, 654
282, 196, 764
282, 196, 764
276, 91, 1085
367, 121, 1087
430, 152, 1109
417, 183, 1202
360, 228, 1349
308, 277, 1428
308, 277, 1428
212, 287, 1514
102, 369, 1600
58, 426, 1664
-39, 443, 1647
-119, 446, 1665
-259, 288, 1662
-259, 288, 1662
-375, 113, 1705
-391, 31, 1688
-507, -100, 1445
-618, -216, 1311
-666, -275, 1118
-702, -271, 826
-752, -270, 598
-,-,-
81, 460, 902
136, 248, 861
160, 128, 994
160, 128, 994
261, 127, 1249
340, 161, 1283
341, 148, 1134
281, 79, 1151
149, 39, 1295
149, 39, 1295
43, 101, 1225
-12, 175, 1174
-23, 261, 1284
-103, 355, 1384
-140, 453, 1488
-122, 521, 1505
-122, 521, 1505
-66, 557, 1485
-89, 534, 1485
-138, 496, 1485
-207, 436, 1567
-279, 351, 1520
-415, 215, 1415
-586, 3, 1324
-586, 3, 1031
-704, -222, 1031
-825, -331, 790
-904, -401, 807
-872, -426, 692
-769, -376, 580
-,-,-
52, 366, 900
146, 381, 840
191, 320, 831
206, 196, 952
195, 170, 893
195, 170, 893
185, 158, 928
213, 121, 972
288, 118, 1081
336, 142, 1200
376, 208, 1336
376, 208, 1336
373, 224, 1404
326, 239, 1369
280, 334, 1403
239, 375, 1368
178, 383, 1413
87, 424, 1378
87, 424, 1378
-30, 463, 1351
-160, 430, 1389
-258, 352, 1439
-331, 242, 1442
-404, 144, 1447
-463, 14, 1469
-463, 14, 1469
-504, -128, 1366
-557, -247, 1194
-617, -295, 1036
-649, -287, 844
-648, -256, 697
-,-,-
42, 52, 1084
144, 53, 1154
163, 141, 1149
163, 141, 1149
204, 183, 1161
185, 151, 1158
217, 201, 1276
242, 265, 1317
198, 279, 1339
167, 260, 1290
167, 260, 1290
119, 244, 1315
112, 312, 1308
93, 387, 1291
-12, 422, 1283
-125, 443, 1338
-234, 424, 1406
-310, 365, 1488
-310, 365, 1488
-392, 251, 1515
-447, 84, 1455
-541, -135, 1432
-617, -251, 1310
-,-,-
125, 249, 747
250, 326, 1083
317, 329, 1162
318, 282, 955
327, 216, 1083
327, 216, 1083
351, 199, 1248
407, 274, 1229
398, 302, 1197
335, 310, 1251
224, 340, 1353
132, 390, 1494
132, 390, 1494
84, 456, 1542
9, 469, 1546
-35, 493, 1591
-115, 497, 1547
-195, 418, 1479
-265, 244, 1296
-265, 244, 1296
-335, 98, 1205
-475, -60, 1222
-588, -263, 1280
-647, -422, 1197
-,-,-
88, 410, 702
88, 410, 702
159, 411, 812
148, 281, 772
138, 162, 821
138, 162, 821
236, 236, 1009
315, 269, 1064
335, 230, 1039
292, 166, 1145
234, 182, 1304
221, 283, 1285
221, 283, 1285
191, 357, 1296
149, 381, 1287
130, 431, 1278
39, 455, 1417
-120, 438, 1628
-185, 449, 1604
-185, 449, 1604
-280, 382, 1537
-392, 288, 1648
-432, 218, 1666
-423, 184, 1535
-,-,-
100, 375, 820
100, 375, 820
122, 249, 944
182, 204, 1006
252, 201, 1071
320, 190, 1003
310, 166, 1057
310, 166, 1057
290, 171, 1166
266, 237, 1171
221, 334, 1292
200, 499, 1405
100, 598, 1541
11, 648, 1589
11, 648, 1589
-86, 633, 1633
-172, 577, 1586
-262, 439, 1556
-358, 279, 1515
-438, 100, 1486
-500, -79, 1428
-544, -207, 1290
-544, -207, 1290
-573, -258, 1088
-,-,-
276, 318, 999
308, 169, 1150
267, 164, 1134
236, 215, 1253
236, 215, 1253
189, 220, 1307
184, 247, 1338
130, 256, 1321
53, 332, 1356
32, 430, 1355
32, 430, 1355
68, 539, 1405
51, 616, 1418
-21, 651, 1495
-50, 639, 1542
-139, 575, 1583
-139, 575, 1583
-225, 528, 1423
-322, 424, 1271
-419, 155, 1286
-491, -74, 1259
-570, -199, 1164
-,-,-
86, 431, 653
69, 361, 738
69, 361, 738
115, 253, 887
231, 227, 884
282, 176, 861
282, 176, 861
245, 72, 948
270, 46, 1129
297, 205, 1265
257, 420, 1345
201, 509, 1452
201, 509, 1452
150, 529, 1558
88, 597, 1604
30, 640, 1556
-57, 615, 1487
-128, 553, 1403
-128, 553, 1403
-199, 479, 1387
-312, 366, 1415
-425, 198, 1377
-520, 35, 1384
-573, -107, 1462
-,-,-
108, 426, 811
91, 335, 915
91, 185, 848
95, 88, 871
95, 88, 871
177, 99, 1034
281, 130, 981
324, 152, 985
324, 152, 985
287, 221, 1152
239, 371, 1250
310, 534, 1368
355, 633, 1545
294, 667, 1635
147, 623, 1708
147, 623, 1708
18, 578, 1715
-66, 537, 1658
-189, 420, 1557
-358, 267, 1469
-452, 176, 1401
-466, 121, 1130
-574, -38, 1008
-574, -38, 1008
-664, -259, 1057
-,-,-
89, 445, 527
189, 427, 797
330, 425, 925
381, 394, 803
381, 394, 803
333, 260, 892
302, 169, 1230
371, 224, 1419
403, 294, 1449
372, 305, 1396
266, 303, 1449
266, 303, 1449
187, 381, 1455
169, 457, 1422
133, 488, 1399
23, 484, 1356
-79, 464, 1349
-79, 464, 1349
-131, 436, 1403
-258, 413, 1477
-400, 393, 1492
-419, 278, 1415
-441, 48, 1253
-593, -184, 1298
-685, -368, 1255
-697, -449, 1140
-,-,-
103, 219, 410
132, 77, 783
177, 62, 903
177, 62, 903
267, 91, 824
332, 166, 916
354, 202, 987
354, 202, 987
337, 243, 1062
353, 328, 1159
341, 388, 1264
210, 402, 1430
3, 389, 1530
3, 389, 1530
-213, 384, 1659
-300, 376, 1728
-399, 335, 1812
-479, 305, 1779
-514, 245, 1687
-497, 114, 1373
-596, -166, 1241
-713, -398, 1255
-783, -543, 1101
-,-,-
108, 286, 696
208, 276, 765
208, 276, 765
281, 200, 769
269, 51, 917
247, 26, 1118
247, 26, 1118
223, 196, 1205
171, 305, 1353
138, 358, 1487
93, 346, 1654
19, 384, 1739
19, 384, 1739
-66, 456, 1681
-120, 498, 1626
-145, 476, 1587
-274, 404, 1523
-431, 269, 1413
-510, 133, 1346
-536, -11, 1333
-620, -230, 1245
-683, -344, 1072
-,-,-
149, 449, 932
207, 438, 861
178, 358, 776
180, 239, 891
217, 172, 1086
217, 172, 1086
292, 189, 1085
299, 233, 1037
254, 277, 1176
310, 382, 1350
340, 453, 1499
266, 502, 1465
266, 502, 1465
76, 529, 1516
-47, 489, 1626
-130, 436, 1708
-260, 410, 1671
-359, 367, 1610
-392, 266, 1498
-436, 64, 1423
-436, 64, 1423
-472, -86, 1327
-474, -125, 1231
-,-,-
304, 546, 760
363, 342, 648
330, 133, 1069
308, 36, 1251
308, 36, 1251
305, 40, 1080
299, 50, 1135
333, 106, 1186
330, 168, 1262
330, 168, 1262
264, 284, 1354
213, 491, 1460
190, 682, 1619
138, 726, 1698
12, 662, 1691
-97, 593, 1583
-97, 593, 1583
-191, 476, 1548
-328, 219, 1590
-418, 19, 1577
-545, -208, 1434
-646, -385, 1184
-728, -464, 952
-,-,-
246, 390, 880
306, 365, 1237
315, 340, 998
294, 246, 869
239, 118, 1151
249, 134, 1406
249, 134, 1406
331, 257, 1306
320, 267, 1298
336, 314, 1356
339, 389, 1468
325, 482, 1451
264, 551, 1340
264, 551, 1340
138, 595, 1320
-57, 544, 1374
-224, 447, 1387
-322, 354, 1448
-358, 297, 1528
-443, 146, 1501
-519, -48, 1420
-585, -264, 1281
-,-,-
52, 374, 728
200, 253, 752
233, 279, 975
233, 279, 975
255, 255, 981
303, 276, 950
322, 256, 1100
394, 334, 1263
420, 406, 1307
420, 406, 1307
368, 452, 1467
262, 508, 1562
137, 547, 1616
9, 532, 1661
-139, 486, 1689
-287, 432, 1595
-287, 432, 1595
-429, 348, 1612
-471, 291, 1608
-532, 169, 1547
-536, 88, 1345
-566, -49, 1155
-612, -144, 1018
-,-,-
237, 251, 1127
207, 125, 1047
233, 162, 985
250, 171, 1099
250, 171, 1293
266, 194, 1293
304, 267, 1431
299, 343, 1396
215, 385, 1393
149, 373, 1505
71, 350, 1568
71, 350, 1568
-71, 333, 1476
-166, 339, 1472
-190, 330, 1471
-260, 251, 1507
-380, 110, 1484
-452, 0, 1454
-473, -85, 1471
-473, -85, 1471
-528, -224, 1322
-598, -358, 1124
-655, -402, 937
-698, -367, 765
-,-,-
285, 241, 819
397, 213, 1168
433, 225, 1264
434, 223, 1098
371, 135, 1249
342, 123, 1450
298, 193, 1515
298, 193, 1515
207, 240, 1520
167, 310, 1537
84, 333, 1470
7, 358, 1439
-44, 387, 1342
-44, 387, 1342
-102, 432, 1420
-198, 415, 1453
-277, 341, 1454
-366, 168, 1414
-435, 11, 1372
-494, -96, 1377
-584, -214, 1359
-603, -305, 1197
-610, -343, 1008
-625, -297, 950
-625, -297, 950
-636, -224, 820
-610, -132, 633
-,-,-
149, 484, 751
126, 348, 948
76, 176, 1092
202, 153, 1095
295, 129, 1081
314, 121, 1163
314, 121, 1163
323, 144, 1170
301, 182, 1158
298, 302, 1285
317, 464, 1386
259, 597, 1569
113, 619, 1656
113, 619, 1656
-61, 543, 1705
-160, 425, 1751
-208, 351, 1856
-258, 256, 1771
-341, 26, 1459
-464, -213, 1092
-609, -422, 1067
-698, -519, 904
-756, -505, 689
-756, -505, 689
-,-,-
340, 316, 973
345, 278, 1224
345, 278, 1224
327, 229, 1063
257, 172, 1126
212, 201, 1434
301, 367, 1502
305, 449, 1430
239, 473, 1357
239, 473, 1357
176, 536, 1352
126, 571, 1418
58, 573, 1508
-35, 520, 1543
-155, 443, 1531
-252, 360, 1476
-252, 360, 1476
-352, 145, 1506
-404, -17, 1435
-493, -124, 1276
-571, -285, 1150
-631, -451, 1049
-659, -457, 1001
-,-,-
241, 383, 685
118, 144, 1019
293, 177, 1258
293, 177, 1258
432, 248, 1258
405, 258, 1229
306, 216, 1256
231, 186, 1331
236, 218, 1290
217, 256, 1242
217, 256, 1242
155, 303, 1210
122, 374, 1273
182, 497, 1397
209, 604, 1421
137, 667, 1470
27, 605, 1475
27, 605, 1475
-77, 449, 1487
-224, 242, 1523
-368, 42, 1492
-467, -124, 1486
-509, -248, 1444
-,-,-
47, 311, 847
47, 311, 847
76, 236, 829
172, 224, 718
234, 209, 935
234, 209, 935
226, 168, 1134
258, 165, 1097
273, 176, 1201
294, 236, 1386
305, 274, 1455
305, 274, 1455
271, 284, 1513
252, 329, 1463
218, 379, 1444
150, 393, 1420
54, 388, 1397
-47, 418, 1347
-47, 418, 1347
-92, 452, 1345
-113, 443, 1322
-230, 358, 1386
-366, 190, 1477
-398, 57, 1474
-398, -14, 1383
-454, -90, 1246
-513, -233, 1178
-513, -233, 1178
-,-,-
169, 457, 550
179, 291, 782
171, 165, 1270
254, 220, 1208
291, 197, 903
274, 123, 1017
274, 123, 1017
274, 81, 1366
349, 178, 1393
381, 254, 1282
342, 311, 1246
243, 345, 1355
164, 391, 1379
164, 391, 1379
83, 426, 1405
29, 504, 1400
-77, 530, 1425
-144, 530, 1459
-189, 460, 1458
-266, 324, 1520
-266, 324, 1520
-334, 191, 1569
-338, 101, 1428
-400, -42, 1323
-485, -227, 1303
-565, -347, 1158
-651, -362, 956
-711, -353, 744
-713, -320, 547
-,-,-
289, 407, 854
211, 261, 1011
211, 261, 1011
226, 206, 1133
274, 218, 1125
311, 261, 1114
318, 259, 1222
253, 227, 1327
171, 275, 1412
171, 275, 1412
129, 363, 1383
148, 494, 1394
87, 558, 1462
-44, 505, 1538
-163, 360, 1604
-244, 285, 1651
-315, 237, 1554
-315, 237, 1554
-384, 163, 1427
-436, -35, 1351
-492, -204, 1232
-535, -272, 1147
-577, -273, 966
-551, -194, 840
-487, -119, 718
-,-,-
209, 342, 611
209, 342, 611
237, 269, 904
239, 202, 1055
301, 174, 934
360, 152, 997
387, 159, 1148
387, 159, 1148
396, 225, 1193
406, 313, 1281
411, 395, 1360
337, 445, 1390
174, 417, 1454
32, 380, 1522
32, 380, 1522
-25, 394, 1579
-103, 374, 1613
-138, 371, 1613
-160, 369, 1530
-207, 355, 1430
-276, 240, 1387
-355, 71, 1312
-355, 71, 1312
-389, -28, 1234
-456, -124, 1119
-523, -272, 1027
-,-,-
118, 379, 792
118, 379, 792
147, 301, 622
153, 208, 680
173, 142, 973
201, 146, 1091
201, 146, 1091
216, 167, 1135
281, 289, 1324
356, 446, 1602
344, 510, 1716
274, 534, 1677
110, 497, 1536
110, 497, 1536
-10, 477, 1516
-77, 463, 1466
-209, 373, 1446
-347, 247, 1486
-441, 133, 1465
-491, 42, 1460
-516, -23, 1352
-516, -23, 1352
-565, -113, 1220
-577, -163, 1050
-,-,-
171, 409, 872
207, 238, 754
232, 177, 906
232, 177, 906
292, 145, 909
386, 194, 954
415, 222, 1187
369, 260, 1282
312, 344, 1330
312, 344, 1330
271, 409, 1421
184, 427, 1569
13, 378, 1638
-79, 412, 1636
-120, 445, 1616
-144, 408, 1651
-235, 286, 1666
-235, 286, 1666
-336, 153, 1582
-362, 95, 1493
-414, 0, 1308
-505, -114, 1106
-573, -216, 1001
-626, -281, 882
-644, -266, 749
-636, -194, 672
-,-,-
340, 366, 949
313, 321, 1173
303, 243, 1043
268, 150, 1024
216, 114, 1313
238, 184, 1468
265, 250, 1341
265, 250, 1341
222, 252, 1336
164, 267, 1390
102, 276, 1416
77, 309, 1345
31, 338, 1383
31, 338, 1383
-31, 380, 1405
-103, 419, 1430
-167, 429, 1369
-225, 351, 1366
-313, 257, 1431
-385, 165, 1475
-405, 95, 1347
-405, 95, 1347
-451, -51, 1193
-482, -219, 1188
-508, -327, 1121
-536, -323, 1023
-526, -264, 917
-,-,-
-229, 222, 597
-150, 251, 562
-150, 251, 562
-79, 204, 585
42, 144, 607
151, 73, 614
279, 83, 674
279, 83, 674
434, 128, 823
559, 226, 1071
602, 370, 1286
556, 472, 1435
556, 472, 1435
446, 537, 1527
304, 591, 1640
117, 522, 1669
-82, 450, 1754
-295, 327, 1835
-490, 150, 1836
-659, -13, 1786
-,-,-
130, 455, 495
172, 314, 524
380, 281, 558
380, 281, 558
527, 280, 645
552, 179, 852
524, 75, 930
518, 94, 1110
518, 94, 1110
494, 154, 1295
380, 213, 1469
249, 291, 1606
99, 322, 1713
99, 322, 1713
-90, 306, 1723
-226, 345, 1690
-206, 445, 1629
-96, 551, 1596
-132, 439, 1516
-285, 236, 1509
-443, 15, 1456
-443, 15, 1456
-,-,-
-115, 355, 740
-115, 355, 740
-93, 287, 760
-25, 233, 612
152, 248, 624
329, 269, 809
466, 281, 909
466, 281, 909
520, 276, 968
502, 217, 1075
442, 202, 1190
359, 336, 1284
288, 540, 1383
288, 540, 1383
182, 664, 1550
-32, 622, 1728
-201, 511, 1933
-298, 374, 1998
-432, 168, 1962
-586, -96, 1831
-,-,-
-142, 478, 533
-116, 372, 742
-48, 268, 978
34, 300, 709
34, 300, 709
83, 272, 627
173, 269, 598
298, 264, 764
375, 285, 846
375, 285, 846
419, 354, 896
373, 480, 1009
324, 653, 1258
243, 595, 1552
84, 473, 1751
84, 473, 1751
-180, 341, 1941
-301, 305, 1998
-359, 232, 1998
-464, 78, 1961
-569, -78, 1767
-694, -242, 1535
-,-,-
31, 389, 821
109, 302, 1009
188, 296, 903
283, 302, 919
283, 302, 919
316, 246, 1085
321, 186, 1126
363, 181, 1139
398, 249, 1201
386, 376, 1332
378, 492, 1462
378, 492, 1462
325, 504, 1525
233, 484, 1653
90, 467, 1714
-89, 371, 1656
-222, 248, 1587
-346, 94, 1474
-346, 94, 1474
-511, -134, 1423
-,-,-
-69, 449, 500
42, 313, 595
74, 316, 760
74, 316, 760
255, 365, 770
395, 352, 682
466, 333, 824
473, 292, 972
473, 292, 972
419, 260, 1009
365, 333, 1075
314, 453, 1273
200, 565, 1443
122, 645, 1624
122, 645, 1624
-41, 496, 1670
-114, 423, 1636
-189, 397, 1592
-327, 249, 1694
-513, -22, 1823
-604, -147, 1740
-680, -222, 1526
-,-,-
4, 434, 706
4, 434, 706
32, 348, 769
163, 348, 679
250, 305, 747
250, 305, 747
332, 248, 883
470, 271, 961
577, 335, 1025
532, 296, 1105
406, 249, 1183
406, 249, 1183
278, 298, 1342
244, 453, 1518
205, 525, 1616
72, 534, 1691
-75, 531, 1801
-260, 426, 1911
-260, 426, 1911
-371, 341, 1806
-429, 265, 1512
-527, 102, 1239
-665, -100, 1170
-,-,-
-162, 364, 624
-163, 288, 745
-190, 215, 777
-129, 249, 707
-69, 265, 747
-69, 265, 747
-26, 209, 793
33, 186, 824
78, 179, 909
107, 184, 933
107, 184, 933
146, 230, 1085
193, 307, 1285
200, 376, 1402
166, 393, 1443
98, 383, 1562
98, 383, 1562
10, 329, 1640
-132, 250, 1727
-217, 218, 1814
-288, 165, 1759
-389, 57, 1665
-517, -97, 1497
-649, -199, 1292
-,-,-
57, 462, 819
137, 305, 857
78, 271, 1007
78, 271, 1007
87, 228, 1096
98, 181, 1018
107, 142, 976
137, 164, 965
168, 164, 1047
168, 196, 1047
165, 183, 1194
145, 206, 1344
177, 310, 1334
199, 381, 1373
154, 388, 1435
154, 388, 1435
71, 342, 1605
-74, 228, 1671
-179, 137, 1649
-267, 42, 1539
-383, -72, 1425
-,-,-
-93, 332, 621
-18, 382, 771
-18, 382, 771
160, 427, 806
245, 358, 797
315, 266, 827
366, 270, 936
366, 270, 936
401, 324, 1065
394, 294, 1151
378, 297, 1205
311, 394, 1283
175, 486, 1304
27, 427, 1396
27, 427, 1396
-69, 284, 1412
-126, 250, 1511
-143, 257, 1583
-141, 257, 1606
-150, 221, 1644
-255, 52, 1593
-255, 52, 1593
-,-,-
-6, 470, 636
83, 436, 667
200, 460, 676
267, 415, 761
267, 415, 761
347, 367, 855
397, 347, 903
427, 376, 1029
434, 345, 1097
434, 345, 1097
406, 274, 1212
322, 240, 1208
226, 256, 1265
209, 340, 1371
149, 374, 1498
-2, 290, 1624
-2, 290, 1624
-129, 170, 1635
-267, 41, 1706
-353, -27, 1743
-418, -145, 1633
-,-,-
-30, 477, 578
1, 416, 892
43, 365, 930
108, 344, 798
108, 344, 798
157, 327, 842
191, 273, 979
232, 242, 1036
257, 241, 1044
257, 241, 1044
299, 266, 1013
426, 403, 1107
486, 518, 1357
385, 479, 1524
332, 491, 1481
233, 409, 1374
233, 409, 1374
119, 299, 1539
-14, 194, 1747
-159, 61, 1670
-275, -48, 1530
-,-,-
-102, 469, 600
-102, 469, 600
-77, 428, 553
-29, 347, 844
-1, 255, 999
63, 223, 974
63, 223, 974
148, 222, 983
199, 192, 997
215, 148, 1196
250, 139, 1203
250, 139, 1203
295, 166, 1198
314, 201, 1232
304, 216, 1161
286, 237, 1122
252, 253, 1203
224, 275, 1247
224, 275, 1247
194, 306, 1276
134, 313, 1326
44, 262, 1461
-97, 130, 1537
-190, 10, 1638
-190, 10, 1638
-338, -165, 1785
-478, -345, 1758
-,-,-
15, 409, 742
94, 357, 1090
168, 329, 940
200, 300, 919
200, 300, 919
235, 303, 1079
289, 315, 1129
319, 354, 1029
321, 369, 1009
306, 359, 1052
308, 361, 1243
308, 361, 1243
320, 425, 1436
297, 454, 1358
238, 433, 1326
194, 416, 1319
182, 428, 1392
131, 415, 1570
131, 415, 1570
17, 361, 1650
-5, 382, 1715
-32, 271, 1624
-136, 77, 1633
-244, -144, 1616
-,-,-
-56, 485, 490
-56, 485, 490
-38, 380, 864
38, 396, 843
169, 444, 684
226, 360, 692
226, 360, 692
282, 266, 799
332, 192, 956
359, 143, 1139
385, 170, 1189
376, 193, 1136
376, 193, 1136
349, 246, 1232
325, 309, 1413
301, 386, 1509
234, 415, 1576
138, 408, 1702
29, 338, 1815
29, 338, 1815
-77, 271, 1848
-180, 168, 1751
-277, 46, 1594
-393, -142, 1501
-,-,-
22, 415, 621
22, 415, 621
93, 324, 774
188, 283, 843
260, 232, 855
358, 260, 984
358, 260, 984
448, 294, 1072
505, 319, 1055
496, 310, 1135
459, 340, 1229
401, 422, 1430
401, 422, 1430
399, 539, 1503
362, 581, 1612
230, 555, 1654
75, 483, 1789
-43, 310, 1873
-43, 310, 1873
-123, 166, 1848
-182, 86, 1686
-307, -53, 1497
-415, -194, 1276
-524, -297, 1018
-,-,-
79, 385, 306
88, 291, 887
88, 291, 887
123, 238, 1179
159, 199, 959
199, 166, 835
249, 138, 909
249, 138, 909
298, 105, 1074
348, 104, 1136
381, 138, 1176
381, 203, 1175
401, 297, 1243
401, 297, 1243
403, 390, 1456
376, 504, 1680
279, 538, 1667
125, 467, 1611
-53, 360, 1624
-146, 266, 1636
-146, 266, 1636
-308, 114, 1727
-424, -94, 1633
-489, -254, 1318
-600, -402, 1070
-717, -522, 948
-812, -566, 836
-,-,-
134, 197, 1024
273, 177, 954
273, 177, 954
334, 97, 925
359, 33, 1044
365, 24, 1306
423, 136, 1317
423, 136, 1317
467, 253, 1303
457, 327, 1368
389, 370, 1527
320, 440, 1670
272, 483, 1681
216, 492, 1588
216, 492, 1588
97, 438, 1561
9, 379, 1548
-40, 341, 1480
-101, 308, 1454
-169, 217, 1270
-169, 217, 1270
-310, 116, 1131
-419, -14, 1160
-545, -175, 1141
-627, -252, 1053
-672, -286, 921
-,-,-
25, 497, 580
31, 382, 843
84, 311, 861
179, 289, 765
179, 289, 765
234, 251, 843
270, 228, 993
321, 242, 1017
421, 327, 1128
471, 408, 1255
471, 408, 1255
490, 507, 1394
432, 539, 1423
365, 567, 1495
267, 528, 1615
134, 457, 1739
-4, 393, 1803
-4, 393, 1803
-126, 338, 1807
-176, 277, 1827
-247, 146, 1723
-350, 25, 1464
-476, -90, 1309
-528, -180, 1143
-,-,-
-63, 495, 772
-63, 495, 772
-36, 448, 685
-38, 353, 585
29, 275, 641
118, 249, 780
118, 249, 780
227, 260, 836
289, 255, 948
324, 249, 1172
378, 299, 1358
433, 373, 1410
433, 373, 1410
415, 397, 1416
347, 402, 1498
280, 417, 1480
178, 400, 1487
93, 420, 1536
93, 420, 1536
4, 429, 1479
-98, 430, 1414
-219, 366, 1512
-344, 212, 1634
-432, 74, 1563
-520, -33, 1466
-520, -33, 1466
-561, -84, 1356
-,-,-
73, 379, 732
194, 337, 650
259, 314, 745
259, 314, 745
301, 289, 929
358, 286, 1049
359, 282, 1043
357, 322, 1137
329, 336, 1267
329, 336, 1267
283, 339, 1363
233, 360, 1449
173, 384, 1497
52, 345, 1516
-40, 316, 1558
-122, 303, 1598
-122, 303, 1598
-189, 317, 1619
-240, 292, 1621
-303, 186, 1565
-416, -4, 1519
-517, -178, 1519
-552, -229, 1373
-580, -245, 1202
-,-,-
126, 430, 785
166, 358, 615
203, 322, 729
242, 254, 938
242, 254, 938
271, 187, 783
296, 157, 802
341, 198, 1054
395, 293, 1182
413, 396, 1289
413, 396, 1289
383, 450, 1432
370, 502, 1651
340, 538, 1741
280, 512, 1695
211, 478, 1720
158, 487, 1639
158, 487, 1639
49, 442, 1530
-14, 402, 1524
-36, 416, 1369
-94, 391, 1211
-266, 137, 1200
-424, -118, 1244
-495, -250, 1244
-,-,-
-16, 494, 678
23, 466, 786
83, 441, 736
92, 350, 747
92, 350, 747
103, 233, 924
155, 182, 1060
257, 220, 1119
298, 214, 1143
298, 214, 1143
316, 204, 1187
313, 198, 1322
293, 263, 1325
311, 366, 1304
299, 421, 1358
242, 452, 1483
242, 452, 1483
132, 478, 1635
109, 549, 1644
48, 535, 1647
-58, 421, 1688
-116, 316, 1769
-130, 210, 1671
-130, 210, 1671
-193, 42, 1457
-330, -248, 1234
-481, -421, 897
-,-,-
26, 320, 683
26, 320, 683
76, 240, 864
153, 174, 835
200, 146, 982
200, 146, 982
259, 164, 1134
293, 146, 1254
331, 175, 1357
334, 185, 1400
320, 205, 1483
320, 205, 1483
314, 246, 1492
313, 286, 1534
279, 305, 1406
216, 334, 1348
141, 361, 1314
59, 400, 1300
59, 400, 1300
-15, 404, 1300
-160, 311, 1457
-213, 229, 1483
-314, 101, 1515
-445, -56, 1598
-534, -227, 1551
-593, -316, 1318
-665, -378, 1115
-709, -394, 971
-,-,-
-105, 331, 864
-105, 331, 864
-32, 328, 860
26, 306, 843
62, 257, 922
138, 250, 964
138, 250, 964
225, 263, 1038
286, 290, 1056
315, 295, 1061
355, 328, 1193
402, 373, 1259
366, 378, 1326
366, 378, 1326
297, 376, 1366
210, 396, 1410
110, 368, 1417
-44, 255, 1620
-146, 199, 1750
-235, 110, 1808
-235, 110, 1808
-326, -44, 1803
-,-,-
59, 328, 861
59, 328, 861
130, 258, 892
218, 262, 905
236, 238, 1003
158, 149, 1027
158, 149, 1027
116, 144, 1066
140, 217, 1197
204, 304, 1303
212, 389, 1343
152, 434, 1450
127, 474, 1534
127, 474, 1534
79, 478, 1628
24, 432, 1789
-52, 352, 1920
-117, 231, 1881
-251, 33, 1846
-346, -139, 1734
-346, -139, 1734
-432, -260, 1453
-533, -321, 1150
-604, -350, 878
-,-,-
-37, 305, 822
39, 316, 734
39, 316, 734
98, 319, 639
133, 259, 1028
182, 251, 1155
182, 251, 1155
242, 270, 1086
273, 279, 1208
307, 310, 1410
320, 371, 1494
303, 446, 1485
245, 464, 1415
245, 464, 1415
132, 449, 1453
38, 449, 1462
-6, 443, 1552
-89, 401, 1675
-244, 299, 1767
-325, 177, 1756
-325, 177, 1756
-332, 40, 1587
-416, -124, 1424
-,-,-
156, 514, 587
132, 452, 767
151, 374, 886
219, 343, 795
296, 327, 920
296, 327, 920
333, 337, 989
321, 309, 1064
287, 268, 1201
275, 273, 1320
301, 338, 1358
301, 338, 1358
275, 379, 1389
239, 417, 1389
166, 420, 1353
107, 448, 1326
63, 466, 1309
-14, 456, 1464
-14, 456, 1464
-34, 471, 1517
-90, 435, 1559
-211, 339, 1610
-282, 188, 1627
-356, 29, 1578
-463, -161, 1402
-598, -312, 1220
-674, -383, 1098
-699, -350, 880
-,-,-
69, 488, 593
196, 465, 606
226, 377, 862
307, 314, 970
307, 314, 970
463, 258, 964
553, 249, 1108
505, 215, 1277
385, 209, 1314
276, 205, 1413
276, 205, 1413
160, 242, 1522
52, 312, 1582
-102, 289, 1587
-221, 238, 1702
-308, 183, 1774
-355, 154, 1716
-409, 109, 1638
-474, 50, 1555
-474, 50, 1555
-531, -21, 1376
-585, -121, 1229
-640, -215, 1079
-,-,-
262, 558, 798
262, 558, 798
267, 433, 828
237, 317, 889
243, 264, 890
169, 139, 1004
130, 87, 1093
130, 87, 1093
156, 121, 1215
186, 178, 1314
216, 237, 1359
210, 302, 1445
164, 364, 1458
164, 364, 1458
105, 389, 1396
25, 427, 1417
-50, 433, 1419
-58, 447, 1446
-107, 376, 1471
-221, 272, 1560
-221, 272, 1560
-292, 188, 1527
-363, 113, 1361
-426, 21, 1364
-447, -67, 1356
-515, -146, 1249
-561, -198, 1073
-586, -212, 888
-574, -153, 669
-,-,-
18, 274, 856
62, 255, 951
62, 255, 951
152, 218, 807
162, 113, 1022
185, 79, 1184
226, 93, 1251
226, 93, 1251
292, 154, 1173
303, 194, 1210
255, 183, 1285
241, 189, 1297
292, 265, 1418
292, 265, 1418
235, 286, 1421
168, 308, 1460
104, 318, 1516
34, 328, 1466
-66, 304, 1445
-104, 253, 1530
-104, 253, 1530
-197, 136, 1614
-313, 2, 1625
-421, -113, 1495
-521, -242, 1362
-582, -297, 1195
-,-,-
-26, 430, 721
3, 354, 966
3, 354, 838
116, 367, 838
156, 332, 776
161, 270, 925
194, 277, 1016
194, 277, 1016
237, 280, 1017
261, 277, 1036
280, 297, 1071
303, 330, 1178
297, 354, 1310
281, 364, 1356
281, 364, 1356
225, 350, 1363
169, 368, 1368
113, 368, 1356
37, 361, 1434
-48, 349, 1522
-85, 339, 1619
-85, 339, 1619
-108, 311, 1694
-150, 216, 1721
-221, 37, 1585
-309, -129, 1477
-382, -220, 1283
-459, -236, 1059
-,-,-
104, 468, 815
104, 468, 815
109, 395, 837
146, 345, 881
163, 291, 916
189, 250, 919
189, 250, 919
213, 219, 996
255, 226, 1081
303, 267, 1154
363, 359, 1220
386, 438, 1334
386, 438, 1334
345, 452, 1304
274, 426, 1356
179, 400, 1541
119, 405, 1565
62, 387, 1538
-1, 379, 1608
-1, 379, 1608
-51, 292, 1641
-78, 115, 1221
-258, -86, 1091
-437, -291, 1375
-447, -336, 1380
-450, -348, 1235
-487, -320, 1057
-557, -260, 850
-598, -180, 719
-598, -180, 719
-554, -63, 573
-537, 21, 462
-,-,-
115, 447, 802
155, 375, 769
147, 301, 873
207, 306, 1054
235, 307, 1066
235, 307, 1066
251, 314, 1110
280, 355, 1222
289, 409, 1354
278, 471, 1329
225, 494, 1311
175, 478, 1347
175, 478, 1347
162, 489, 1338
124, 497, 1293
91, 509, 1277
69, 523, 1343
59, 569, 1436
59, 569, 1436
18, 554, 1384
-108, 351, 1468
-217, 135, 1540
-340, -27, 1568
-378, -99, 1424
-449, -212, 1341
-,-,-
-48, 474, 786
-23, 429, 747
16, 404, 674
59, 352, 837
59, 352, 837
118, 322, 981
165, 285, 935
205, 275, 942
205, 275, 942
252, 287, 1061
287, 289, 1097
307, 300, 1167
306, 354, 1311
296, 402, 1298
309, 428, 1265
309, 428, 1265
251, 412, 1348
122, 404, 1426
37, 468, 1460
70, 487, 1456
17, 387, 1528
17, 387, 1528
-133, 197, 1688
-195, 96, 1707
-215, 24, 1397
-285, -70, 1225
-418, -249, 1220
-500, -326, 1170
-563, -357, 1027
-,-,-
27, 424, 553
40, 329, 698
51, 234, 887
129, 201, 836
129, 201, 836
206, 190, 954
258, 165, 1182
338, 175, 1319
385, 237, 1419
409, 314, 1455
409, 314, 1455
408, 387, 1475
364, 427, 1539
289, 437, 1546
242, 452, 1487
197, 448, 1405
71, 328, 1477
71, 328, 1477
-25, 219, 1606
-69, 184, 1558
-129, 144, 1492
-192, 2, 1338
-315, -138, 1302
-407, -209, 1302
-459, -224, 1123
-459, -224, 1123
-500, -207, 926
-,-,-
90, 321, 718
122, 261, 909
94, 203, 1162
196, 231, 1093
196, 231, 1093
247, 248, 1014
281, 287, 1106
295, 289, 1303
356, 335, 1338
330, 343, 1253
203, 338, 1246
203, 338, 1246
108, 322, 1256
112, 357, 1214
101, 414, 1188
57, 470, 1232
74, 531, 1315
74, 531, 1315
154, 586, 1438
154, 552, 1485
71, 489, 1467
-38, 357, 1542
-59, 216, 1464
-59, 216, 1464
-153, 70, 1308
-253, -48, 1313
-321, -141, 1289
-384, -190, 1139
-443, -182, 963
-485, -162, 757
-,-,-
61, 396, 821
179, 406, 949
223, 382, 917
215, 330, 1070
215, 330, 1070
193, 287, 1309
222, 289, 1292
240, 313, 1198
230, 345, 1233
197, 385, 1230
185, 439, 1196
185, 439, 1196
175, 496, 1202
164, 540, 1222
140, 556, 1397
116, 527, 1544
83, 446, 1702
20, 331, 1719
20, 331, 1719
-106, 154, 1731
-189, -20, 1563
-322, -194, 1426
-420, -265, 1316
-481, -263, 1180
-,-,-
165, 599, 735
251, 488, 710
257, 488, 855
231, 391, 964
231, 391, 964
242, 341, 973
310, 360, 1025
334, 378, 1127
307, 386, 1186
250, 365, 1396
250, 365, 1396
246, 362, 1470
230, 354, 1348
218, 350, 1352
203, 338, 1669
223, 362, 1746
149, 342, 1794
149, 342, 1794
113, 186, 1673
27, 4, 1644
-58, -135, 1666
-126, -284, 1474
-233, -412, 1089
-388, -398, 926
-488, -335, 810
-,-,-
-55, 495, 680
-55, 495, 680
29, 501, 777
101, 455, 633
108, 364, 664
127, 258, 865
127, 258, 865
207, 246, 1012
248, 267, 1020
250, 291, 991
281, 321, 1021
251, 301, 1199
251, 301, 1199
242, 325, 1260
233, 378, 1331
238, 395, 1527
260, 367, 1660
201, 309, 1737
134, 264, 1701
134, 264, 1701
60, 238, 1726
33, 234, 1693
7, 153, 1457
-87, 0, 1314
-87, 0, 1314
-178, -107, 1139
-326, -167, 1055
-428, -175, 999
-,-,-
-60, 528, 531
-23, 379, 603
51, 371, 741
51, 371, 741
178, 390, 733
271, 386, 757
361, 369, 851
349, 233, 1154
349, 233, 1154
372, 193, 1345
386, 205, 1248
387, 219, 1252
364, 158, 1381
325, 111, 1464
292, 150, 1494
292, 150, 1494
258, 201, 1362
245, 238, 1335
187, 251, 1522
140, 280, 1584
66, 249, 1534
-19, 139, 1505
-19, 139, 1505
-56, 27, 1554
-129, -60, 1541
-203, -134, 1495
-237, -241, 1337
-,-,-
69, 497, 632
64, 425, 715
64, 425, 715
144, 408, 805
171, 330, 844
193, 264, 819
199, 216, 941
199, 216, 941
247, 207, 1059
295, 219, 1172
339, 240, 1234
337, 233, 1286
319, 231, 1342
319, 231, 1363
277, 224, 1363
216, 236, 1396
171, 219, 1303
107, 223, 1218
22, 213, 1254
-31, 172, 1444
-31, 172, 1444
15, 214, 1526
0, 241, 1537
-65, 205, 1540
-109, 182, 1636
-129, 141, 1594
-192, 42, 1385
-192, 42, 1385
-306, -70, 1228
-400, -157, 1203
-447, -165, 1126
-,-,-
236, 341, 918
236, 341, 918
309, 365, 916
298, 321, 955
281, 270, 1293
347, 284, 1332
347, 284, 1332
408, 306, 1228
366, 311, 1315
337, 312, 1471
381, 357, 1441
348, 346, 1296
254, 322, 1358
254, 322, 1358
149, 310, 1366
96, 318, 1335
52, 342, 1403
28, 318, 1373
-61, 218, 1356
-61, 218, 1356
-143, 136, 1392
-189, 49, 1406
-262, -37, 1357
-319, -142, 1310
-392, -224, 1317
-450, -237, 1251
-473, -234, 1114
-,-,-
259, 420, 741
267, 387, 808
306, 362, 841
306, 362, 841
341, 344, 1020
395, 357, 942
430, 367, 942
448, 344, 1053
448, 344, 1053
452, 320, 1137
420, 298, 1202
362, 266, 1204
297, 225, 1241
255, 210, 1313
217, 244, 1372
217, 244, 1372
160, 268, 1344
123, 285, 1343
85, 317, 1396
63, 319, 1458
60, 271, 1462
60, 271, 1462
-8, 157, 1557
-86, 44, 1574
-167, -46, 1481
-254, -106, 1330
-335, -160, 1290
-413, -192, 1212
-475, -172, 1099
-,-,-
110, 538, 743
116, 509, 661
161, 473, 834
234, 438, 1067
294, 404, 1060
294, 404, 1060
304, 345, 962
315, 303, 980
310, 247, 1130
317, 250, 1155
306, 283, 1146
306, 283, 1146
290, 298, 1123
305, 317, 1144
305, 337, 1178
279, 370, 1219
264, 385, 1218
264, 411, 1292
264, 411, 1292
228, 409, 1298
141, 359, 1305
32, 281, 1392
-28, 256, 1443
-71, 246, 1423
-161, 153, 1434
-161, 153, 1434
-283, 12, 1480
-350, -78, 1430
-381, -45, 1283
-444, -34, 1231
-486, -27, 1137
-509, -7, 1034
-518, 14, 959
-,-,-
186, 455, 742
234, 393, 734
257, 382, 760
313, 368, 939
313, 368, 939
453, 371, 964
542, 380, 1054
520, 314, 1223
443, 222, 1392
409, 177, 1352
409, 177, 1352
384, 122, 1386
272, 25, 1441
217, 32, 1441
214, 137, 1423
184, 205, 1419
184, 205, 1419
165, 269, 1416
106, 286, 1421
59, 297, 1469
-3, 220, 1506
-94, 93, 1453
-94, 93, 1453
-192, -5, 1338
-323, -102, 1368
-406, -165, 1335
-447, -162, 1178
-,-,-
84, 554, 677
46, 493, 839
46, 493, 839
65, 425, 741
126, 393, 709
196, 395, 760
224, 341, 817
224, 341, 817
288, 327, 869
332, 329, 967
371, 362, 1010
361, 383, 1062
355, 417, 1117
355, 417, 1117
346, 446, 1278
347, 458, 1287
349, 476, 1303
302, 443, 1332
191, 369, 1548
191, 369, 1624
133, 339, 1624
84, 312, 1630
33, 216, 1606
-62, 93, 1669
-126, 21, 1643
-126, 21, 1643
-185, -17, 1413
-290, -69, 1274
-360, -88, 1235
-,-,-
176, 500, 751
176, 500, 751
127, 379, 917
109, 314, 895
169, 342, 832
204, 317, 804
204, 317, 804
222, 276, 935
248, 249, 1133
293, 273, 1141
308, 298, 1113
319, 313, 1205
319, 313, 1205
348, 342, 1309
383, 404, 1381
394, 452, 1378
364, 459, 1357
302, 444, 1403
299, 454, 1406
299, 454, 1406
277, 477, 1394
164, 417, 1469
98, 257, 1522
12, 98, 1564
-86, -14, 1524
-,-,-
-362, 339, 771
-376, 336, 793
-384, 291, 953
-384, 291, 953
-397, 252, 1087
-388, 246, 1142
-382, 257, 1032
